1000
938
51
38
810
800
248
709
650
928
99
330
22
834
806
688
350
819
387
92
263
746
104
944
465
995
174
447
584
795
103
541
465
694
525
834
549
528
380
466
197
617
556
193
671
169
619
533
20
350
454
454
981
436
317
536
271
328
147
795
636
371
958
642
348
713
849
151
72
833
605
584
653
902
568
288
192
567
834
888
529
820
7
830
167
719
395
41
608
426
659
909
366
176
262
969
942
790
854
510
386
463
369
186
112
710
906
797
669
185
312
210
715
668
915
23
37
92
222
912
5
590
326
590
517
806
400
347
912
953
277
556
92
723
683
119
566
882
724
715
851
557
171
297
944
24
561
600
383
889
454
142
238
401
532
573
6
235
690
712
948
48
617
644
717
518
415
773
443
491
455
156
773
122
360
171
412
265
17
430
88
880
204
473
841
957
735
516
149
152
962
694
171
951
136
183
131
127
118
104
387
347
918
859
694
560
837
594
832
37
735
291
81
911
835
846
986
187
852
641
557
317
353
530
785
564
238
18
86
706
582
348
144
891
738
582
293
429
373
584
37
800
838
92
173
781
721
251
616
896
95
91
428
34
665
72
746
703
726
363
784
338
890
344
161
892
277
926
704
706
656
799
443
392
501
866
293
223
309
178
91
599
970
16
25
172
826
75
312
833
746
598
38
533
622
559
659
945
109
83
243
467
111
302
646
942
834
414
56
710
91
373
280
753
214
84
769
160
511
86
310
460
311
95
5
382
764
357
353
721
918
142
564
598
939
543
698
614
662
143
294
738
915
298
955
22
877
774
792
351
242
28
601
172
702
976
557
220
577
636
484
380
518
382
361
155
960
612
414
983
222
380
812
954
735
763
515
801
70
32
265
872
12
39
251
405
84
909
868
142
294
664
35
273
314
551
705
535
931
942
92
466
63
259
278
961
618
516
270
444
939
542
199
638
32
626
48
907
15
361
932
776
592
487
702
872
304
443
529
563
91
653
184
516
622
505
850
168
20
377
269
639
93
515
548
281
419
164
463
392
335
784
873
723
717
936
604
59
495
81
841
624
896
823
813
155
205
811
140
477
334
115
840
858
90
703
188
852
964
733
834
243
666
144
875
114
559
106
820
797
621
251
502
495
550
161
550
288
970
509
553
520
784
239
770
623
286
344
453
410
726
270
408
856
135
18
273
930
206
412
653
859
418
248
187
64
403
533
428
352
517
525
175
761
5
191
389
203
856
874
443
676
540
658
892
724
30
93
340
249
442
845
782
549
873
780
83
731
204
876
454
510
152
984
530
959
310
503
639
967
620
505
529
21
915
67
675
784
435
420
64
866
181
357
38
317
988
540
295
77
646
544
525
545
316
594
581
519
97
356
5
771
247
926
580
94
108
207
859
370
99
501
213
880
907
8
212
753
559
520
742
852
481
634
723
175
110
804
591
550
331
179
454
243
650
263
395
7
950
924
619
456
97
59
780
652
67
27
292
166
171
339
209
995
67
562
269
590
213
370
800
403
172
751
50
617
338
409
287
69
540
562
769
601
135
767
196
208
783
823
547
900
388
405
157
740
929
549
323
86
999
828
627
511
395
856
760
281
875
188
988
13
520
146
405
940
833
733
799
908
921
84
406
523
504
310
401
710
393
46
69
575
798
975
901
362
937
537
585
349
380
200
103
402
361
55
485
152
449
85
242
681
455
483
386
124
923
121
393
776
825
194
245
946
679
841
844
541
12
120
865
451
902
48
103
943
192
330
758
215
482
721
832
369
24
646
128
286
729
601
987
56
519
844
376
922
112
700
819
931
323
155
153
789
613
425
329
569
133
352
468
577
909
324
97
875
136
576
171
11
433
217
768
288
35
446
961
831
784
311
986
491
316
450
302
936
372
9
731
40
90
489
56
969
368
404
666
1
275
429
67
253
572
734
754
839
940
399
439
857
109
49
339
198
230
246
689
793
836
922
212
788
187
489
945
432
380
516
693
850
96
76
309
435
272
422
968
90
182
384
61
712
854
456
306
959
371
743
929
601
936
876
594
276
457
259
519
214
43
88
143
967
81
602
397
724
800
544
404
639
777
632
665
534
809
869
769
850
845
393
871
86
420
373
199
317
66
27
436
100
139
307
302
997
110
128
55
841
424
321
2
6
256
151
255
29
647
549
874
784
890
198
359
423
431
97
675
305
331
135
825
659
729
293
661
972
322
863
257
262
318
597
288
18
402
263
194
359
244
873
394
520
252
223
359
348
143
578
465
502
342
358
578
485
624
565
109
785
502
829
37
