10000
602
4869
3870
1696
8549
5517
3823
2092
2579
9823
7482
1374
7279
2498
1468
4294
5557
2499
6229
4235
9063
1339
9624
2389
6434
662
2014
4112
685
1692
5915
3050
4925
1500
6482
3569
5351
4997
5960
1880
9916
7456
1947
4198
4564
3894
8493
8019
8867
2532
3292
2428
1638
6549
4794
4924
3483
1752
3512
9552
7731
2419
5517
2476
3523
8131
9384
6819
7250
8386
6480
1290
8913
7492
1768
9424
8312
5190
9172
2037
5031
184
9457
4538
5955
6039
2597
6631
3526
5922
5400
2388
2093
5229
9365
8932
844
8535
7594
1588
5943
3135
8476
9618
961
3753
8636
2314
2864
4167
2112
1341
190
6530
2122
9258
428
4204
9226
167
8554
1964
3091
7118
1342
8882
1173
4552
7752
7265
4501
8580
1477
2959
4243
9618
8867
1783
3615
9850
2531
5804
8002
4232
7263
5904
7912
3965
8658
9540
7661
8321
9223
3235
7833
1011
6006
2051
9213
8579
4307
6454
6008
2253
562
7582
480
9816
2323
2167
3469
701
8795
6560
1254
2261
1045
2205
9261
4306
8743
8635
4803
9048
3347
8369
9011
3961
2069
317
8286
8193
9104
2518
6512
4259
1169
6301
5669
8143
46
8405
2159
6350
1162
1203
1626
7452
7416
280
8723
6467
9431
2611
1421
3823
7701
8572
3174
2832
7775
1684
3353
6470
1393
4828
6987
7167
7794
8582
212
5921
2449
5617
2866
3258
9644
9673
6146
486
2752
6791
3873
8340
8683
9500
6925
4544
1887
8113
6342
558
3301
6093
7520
5167
2527
5658
4247
6959
131
2648
7131
4948
7048
775
4073
3159
3133
3441
9873
7626
8554
2567
5905
148
7397
5403
648
8083
3179
4529
3123
7106
1073
6132
2939
2632
98
6664
9774
6198
4145
5335
3469
8028
157
3004
1786
2160
3212
712
5941
7088
8377
5190
838
702
5587
6819
6858
1226
563
417
3404
5652
3311
6462
387
9252
1383
5700
1217
7407
5883
4244
6021
5219
3979
6743
3402
1503
7963
3966
4398
5337
4795
3130
4869
6706
9962
7642
6943
5441
2883
4154
955
7036
7542
5474
4797
591
2842
6774
6859
5659
4904
6484
5345
9488
2893
1939
6261
9877
1670
3618
3961
960
5835
8976
9291
9915
2836
4819
2995
4631
9798
8152
7170
9388
4606
3729
2346
3051
447
4505
5686
4314
6523
5678
7965
5427
8353
1866
9904
6505
2963
2265
9528
706
6359
1078
6885
9635
1210
4530
2063
4476
6150
8331
205
8095
6737
7794
215
1877
6290
1546
52
5058
3881
1334
1596
5447
6025
655
334
5160
9098
1781
8733
3452
8017
8916
6804
5653
4848
1140
757
3782
5826
7248
9951
421
496
4574
6214
5962
93
4298
5056
9422
4702
116
422
314
341
616
9538
7398
5325
9157
9061
8654
4548
2597
5404
6831
4297
2896
5341
7110
7393
1848
2164
5885
6312
1498
8016
6676
9217
8786
8614
4578
9061
9461
4172
6354
5050
4066
3709
5807
9624
4499
1583
4803
1967
8246
9412
587
7547
5250
4388
9951
4869
2860
749
9112
8161
2163
84
4682
979
4585
5310
4545
2354
9309
6483
5003
9731
4856
9085
293
7567
8192
4319
694
6257
1773
5905
5219
6125
9846
4813
7824
7812
5746
2251
8020
5320
4957
1724
7376
7101
7146
5096
468
2580
1656
7982
6866
8133
8909
8460
6437
82
2932
326
8481
4728
2831
8737
2775
7945
7052
2607
8830
536
8305
4462
4730
4952
4846
7777
1622
5929
932
2447
5338
202
7908
6728
3529
9362
581
6684
551
8743
7904
930
9522
2243
6847
5326
7045
4922
5137
2085
2906
8827
3507
1285
2867
4673
4810
2253
2277
5442
2163
5977
6759
7077
5474
8200
5472
8306
1155
7419
9909
2949
5326
4771
6403
647
3428
2780
1743
2546
5009
726
4124
8732
8878
2913
358
8034
1346
7222
1234
8177
20
7166
2591
3858
7599
825
5315
5622
3909
2152
1977
5217
4739
6542
8002
4240
1134
2615
7170
1879
2604
6039
9036
8639
9791
8611
721
6298
2142
6016
7373
5717
5157
956
3880
2288
2932
5866
6784
1150
1713
8684
349
3607
4960
4179
8724
2322
93
9415
4325
5911
5296
1858
2904
8937
4397
4597
4757
3533
5948
6720
7035
151
1577
1126
1373
9101
6074
2037
135
974
3669
1710
3318
2336
9495
997
3399
1059
6375
8657
1065
7014
6583
7036
4008
896
7936
1038
8411
7084
6728
8385
6652
7596
4598
4759
8414
2074
1751
7893
8512
9224
7615
6692
6959
6357
4532
9322
2984
2521
9776
1476
5016
4757
2398
7894
5812
4107
2273
6444
9811
2447
981
7926
5581
7762
3290
2847
6397
1184
1642
2314
595
1977
4969
5818
7253
2221
3407
8911
7530
9082
4049
243
3071
2579
2073
2674
2578
3353
4244
5138
2714
6973
6204
8285
3768
9562
743
3751
476
1714
5202
1752
4416
9518
2855
2795
7632
2665
535
8055
163
496
4299
8376
4296
3680
1697
283
6298
3135
1705
2866
2202
180
204
3755
1760
5794
1767
4428
5048
751
7995
904
2846
38
6963
1779
7275
2920
2539
6224
5845
9986
3441
5111
5313
102
9042
7499
7193
73
4433
8475
3191
8677
7903
2207
6473
995
762
3214
6508
4307
409
1416
906
8946
1116
2401
4711
6227
2684
6146
7476
3709
6135
2954
5789
5770
6147
3398
6503
7835
7646
9717
5233
3801
8251
1884
2034
1307
1835
863
6033
8529
7840
6143
5728
7974
9988
1398
2870
7686
2539
8957
6760
1056
8323
8775
7636
7636
8089
4029
7448
76
3638
4332
9562
4190
97
7821
8123
9951
7108
4519
8053
3703
8308
9005
9459
2507
6348
8387
4564
878
3417
3967
1913
1871
9047
4056
3836
3513
3944
857
5325
9498
453
7692
1123
44
4352
4137
3724
2343
3323
6088
1349
673
6568
5230
4991
3604
7141
3839
2112
4346
8488
3761
6699
648
5
6183
4918
2808
7453
5829
7931
8253
7955
5957
4438
7788
8664
606
6342
5910
6034
1687
4796
3165
9027
9515
1587
2432
7319
4791
220
6524
5734
9763
8395
3035
8209
4097
4010
2494
8132
4126
575
6116
9735
8982
922
4552
9122
3977
1282
3205
4421
4266
3194
8133
5925
3725
5130
7507
330
9626
8792
3843
6943
901
9502
582
9881
5775
1051
7876
293
9309
1858
7454
7910
3954
3200
1238
7981
6430
8537
1515
8310
4017
5171
8715
1033
5059
7246
8328
3486
7042
9277
1390
4754
7725
9360
5982
7667
5794
2412
737
3034
4316
107
1697
765
3208
4278
6325
2141
4263
2317
6
8880
9994
3856
8306
6559
142
9145
568
3732
4451
8899
5601
631
2165
5531
5064
3174
3829
508
6971
7309
8205
5868
731
6053
4959
4371
6668
8770
560
5094
6583
4959
9204
9347
7394
516
6748
3047
5162
7670
8289
3396
1689
4716
461
8471
3231
6132
4413
6249
9984
2496
8274
9712
4535
5601
9516
9912
2118
4281
3054
1528
641
598
9439
7059
5521
5507
6745
6595
5523
7094
7351
3662
8914
7982
6708
3016
507
7111
7476
5120
1633
8835
1457
379
20
4613
1177
9344
4033
5182
6777
7301
4073
3161
5704
333
6674
345
7181
3693
8647
3788
569
9035
3790
8936
2327
7742
6026
6370
5275
2553
1855
7260
2423
2858
7130
5414
3166
8115
1980
8767
411
4067
214
1006
9634
9045
7750
7189
1017
1483
1346
8803
6336
303
8078
6441
4254
4669
3303
8769
9756
7237
1984
9185
6904
6266
2807
9459
48
5289
1373
2086
2391
1244
2978
5922
69
4690
3480
6472
4
8373
6067
7892
7572
1747
2040
6961
484
4881
8822
2346
3272
2056
1559
7891
8958
8678
4486
3487
6001
2663
6304
7720
5907
2866
9673
9497
9237
5175
5184
5552
32
7933
982
3484
425
1707
747
4644
8955
9757
9291
6543
3390
4788
3966
1403
1866
618
4715
632
835
9043
6819
2848
6418
9092
509
6047
406
6392
4131
4318
7186
5813
7073
5602
9928
5959
6119
2085
4266
3073
7502
257
9346
7858
2614
3890
3580
7605
1354
3913
3658
7707
6331
909
9781
5001
5277
9324
3755
9359
3741
4521
5412
9972
280
2659
3397
597
8729
6351
5933
1897
9250
2051
3646
3408
5784
6508
1615
2480
1542
3744
181
8005
4450
1789
3137
8478
786
3186
9134
6351
2208
2028
1996
5429
2519
7293
9661
7263
987
7274
5183
3769
3613
1446
9351
9014
2876
1689
683
4123
2884
1281
9520
6842
3969
2884
3734
2787
4558
1022
1921
9967
8500
6604
4771
5065
8128
8605
5568
3990
5769
1983
2207
7791
34
3159
5144
5836
2513
5753
9134
4298
1693
8137
4525
6814
8379
2029
1480
7847
4653
4992
8616
4481
6547
8109
5734
2765
8868
454
7274
2131
4882
9443
4932
4440
4569
4638
9881
5233
6089
4215
3468
8374
5112
7272
4126
3152
737
6567
9488
642
8980
3059
8745
6828
2323
3763
8732
8441
6893
5746
1603
2855
9638
5260
7344
5490
4370
8477
431
2860
4039
5897
7677
6573
7054
5016
2661
7654
1720
2492
6926
1330
9401
475
4456
4793
4543
3341
1067
4879
305
8955
1958
7351
6175
2215
4317
4766
9902
1901
1404
5946
2421
4725
1328
8518
6919
985
3927
8035
465
3703
3431
3428
8043
2972
6802
847
8553
6885
9496
4098
9057
4606
7287
7229
677
7742
4752
8427
5972
2901
8964
4107
4475
3252
9575
6558
4404
1258
3286
1462
6897
9178
991
2849
7188
7464
5489
7571
2728
4286
8755
4290
1994
9508
9190
9896
6963
5802
6713
8087
2325
4916
1426
5620
7429
2661
1469
7329
8621
2387
5433
9494
5226
2791
5106
2409
5718
4693
6310
8737
452
7440
2719
907
6261
8202
7464
2601
6039
6572
3677
2944
9759
215
951
2090
8683
3750
2315
2445
1577
4696
5444
7960
1239
7221
6715
1130
9886
8482
8464
6494
2674
7889
4840
354
7093
4847
8786
626
3419
2396
4437
3920
7364
8291
8037
7327
9287
7563
999
3290
2007
2151
4192
7448
7681
4195
5213
7095
8199
5345
9388
4375
8073
8259
6925
2519
4975
3624
2763
3995
7522
4923
3574
8048
5260
6440
2535
8818
8359
4124
2297
9908
612
4611
6287
459
4222
5110
9560
5452
9904
3136
6122
1896
3912
402
7346
8712
9843
1064
2231
4979
4624
970
2782
2122
2247
2204
2032
678
7687
323
5305
9358
5739
6975
2321
8058
78
869
819
2514
4717
8893
9286
5504
3737
7456
5993
3333
8301
8618
3159
5182
4549
2023
2173
798
4365
3374
5487
6660
8524
7303
1900
2307
6145
3789
5637
9491
5620
4979
5239
8891
2614
7558
7499
6635
4377
4322
4629
9786
2260
2464
7976
6476
6124
5453
2547
6709
8251
6000
5566
8338
1690
2254
6923
5857
1783
4293
2948
1428
711
7148
7265
2629
6773
527
4110
6284
4653
5428
4714
2839
5426
2570
4455
4278
2372
579
5066
7751
9482
3448
7452
9039
1126
9662
5043
6191
1927
7797
5623
425
1703
1685
8316
3180
1624
5727
3316
9682
5521
9122
8846
160
9581
8826
5823
8707
8125
4118
5604
7700
3000
7008
4674
9163
5227
8647
8663
4696
4815
9649
4245
8717
4432
5501
1873
3094
7368
8184
7909
8115
1505
2006
1918
7133
672
7557
1784
1200
588
6153
1751
5354
1628
3958
1943
9657
7418
1960
3917
8232
7777
4390
9033
2752
1137
2444
2570
4573
4788
1337
4303
887
4793
6880
171
3867
992
3456
2834
2403
4904
2734
7085
6161
6284
4460
4830
6383
7154
5138
2872
5197
2356
1518
4777
721
1547
5308
9736
1975
5477
7341
179
5166
3463
9819
4114
1711
5509
4963
5598
6810
1627
7420
362
766
2617
6443
3729
2521
6562
5416
1588
9402
2709
2609
5007
3672
7889
789
1493
8989
906
9648
9650
3231
7175
4349
9766
7477
6377
3617
6779
9296
8998
5731
3213
3329
5800
8691
3796
9471
4283
7880
9012
2469
9852
7195
8519
4674
2311
4440
49
1218
9850
6256
9360
9612
1217
4403
312
8005
7058
9639
873
8982
121
3254
3530
8664
3960
8184
4306
9256
7452
9109
7786
8736
4366
7670
4100
4175
1048
1987
7554
1409
8055
5085
4400
5286
7737
497
3791
8492
9628
646
9503
8432
9580
358
5361
6321
8538
3743
7608
4294
2808
9492
6820
2139
2321
6632
1063
5348
5035
7079
8816
129
784
1096
8514
8671
8008
6040
2700
6640
165
7977
7110
129
6559
2434
6237
4982
4693
1605
6617
1398
9464
7347
3283
8131
2825
3258
8411
5458
2290
7311
5585
4729
5834
6564
7328
237
9388
3660
9563
7741
7558
263
3472
2385
3893
5105
8509
2821
6912
8666
5430
6201
965
6214
9063
8729
3163
4309
8018
7570
6299
7934
4899
2600
1643
375
9621
9694
2243
978
1653
3550
8583
9552
492
7119
2060
7416
797
432
8693
3458
7246
7456
5984
2685
5532
7066
9166
3017
7781
6398
8904
5682
3238
7765
5475
4442
6448
4554
6808
6265
4822
1121
6677
1008
2197
5214
154
7484
6160
5529
259
3558
5107
2559
6876
8767
7
5642
9919
6599
3330
3319
1063
285
6211
9120
9806
1881
5998
8582
1156
5279
3897
1869
6523
9738
7109
5648
9466
6666
2123
3539
9822
8360
7457
3242
3000
9693
442
7599
4816
8075
2950
3662
8729
5189
83
8737
4520
6967
6683
9369
2938
575
4945
8589
7584
1438
5076
3396
2924
2385
249
1801
7374
2994
3102
5069
3957
1191
8893
4808
7526
3815
8266
3821
3390
7077
5568
6627
1310
8955
148
7114
4794
8702
8239
8469
263
7490
1302
3977
2063
3298
9877
67
6193
1656
6554
3794
4329
7823
9359
3784
7823
3227
8791
9986
8956
5291
830
9166
2802
798
779
2120
1087
5394
1408
5117
7656
4460
7686
5927
2586
9348
1477
9650
9614
8484
4749
258
146
5206
1944
8488
3278
9444
3405
1900
3613
9098
1566
6947
8292
7705
1088
9215
3364
2732
1108
688
6787
6423
3789
9161
6781
7618
3787
4294
2629
5025
6898
2973
2037
5302
1030
5387
7352
905
1085
9472
2016
5484
2857
9244
2126
1993
5962
5988
9629
7757
6554
6365
7426
7620
405
3676
8327
5349
640
7658
3793
5228
2199
384
3810
3754
5548
7101
6084
4098
5294
6150
5745
5070
3320
6528
1700
7725
5218
2700
6294
5134
5264
9801
2838
1447
7267
5411
3170
9631
9634
5632
1800
3417
3272
8768
7783
3333
4361
3759
8794
8657
1607
5274
1596
4890
6770
875
237
7045
6247
7555
3978
832
2376
1962
2547
3205
4367
9693
1648
3177
7572
3765
7083
1824
1031
232
8021
781
6173
2633
1296
5314
9436
9624
1219
9937
3793
3443
6381
3812
5943
9432
6605
9134
7065
8753
5175
7607
9186
3938
4634
3097
1967
8536
9922
9333
8854
2989
5073
6300
2363
9364
2748
3824
2041
423
513
4553
1379
7115
3668
7363
2234
8360
4522
2870
1870
76
3315
4098
4291
9871
9648
1083
9177
3587
3885
7313
2316
6047
4401
6522
8943
4704
734
2107
8052
7089
139
863
6498
8928
9907
8029
1249
8375
9463
530
9640
2478
9317
2223
456
9228
1581
5103
9130
9296
4190
4934
1535
8564
6618
1732
5325
674
4445
4725
1943
9869
5925
8892
830
2992
4886
2344
7909
6362
1082
8241
3958
4007
1964
6754
6241
8911
4823
761
7415
545
5102
4751
4703
1079
5854
3957
8866
4871
5095
366
4724
7246
9022
6452
609
1100
8041
1842
9577
9383
1179
1441
9834
5594
5454
4404
4052
2410
9347
9668
7291
7835
803
1208
9396
1130
607
1447
3589
323
7180
7705
8822
8878
6366
1530
9054
7595
9706
319
7068
7840
1476
8666
9580
3997
9398
984
2973
9885
6986
2920
7355
911
521
5693
2927
6864
9009
2500
430
5451
1195
358
4931
7736
765
7412
8750
121
2376
9722
4961
9029
462
797
6974
2380
7100
5962
1151
2040
5652
266
1801
1456
4951
9705
8146
7465
3198
5805
4713
8857
3359
6408
1033
8533
3003
2959
8933
8441
5271
887
9255
9820
3409
7594
4414
5957
2585
7159
5558
6727
7503
9029
465
5855
7413
5204
5558
6217
4305
2962
5990
9870
7085
7631
30
8296
1335
7617
9623
3258
9899
4482
4499
2041
9171
7629
1147
4164
1678
8826
8435
7
5471
1538
8256
8265
9967
8937
8785
4935
4381
8859
4877
722
7925
868
2620
6600
4894
9565
6748
6000
9903
7217
9953
1849
8925
9713
1624
1611
1779
6401
1515
1330
2734
7929
7145
1957
3030
4079
1143
7297
7041
4194
6684
8444
9777
5201
402
2602
6134
933
7533
1431
9216
7945
9056
2937
3992
7624
2143
1872
8619
973
5109
3042
5537
3600
3873
6215
7013
9240
4534
734
1983
9221
3702
5763
6106
8572
270
9646
303
8350
3982
4322
2582
7869
4057
9529
4852
7729
5242
2806
7350
4728
7923
8948
4615
877
6375
4106
8958
1429
738
9762
6608
9402
6578
8952
4924
9164
779
7134
8647
9075
6988
1630
1388
5223
5668
1674
4115
9108
4861
5647
2697
17
5509
2970
6904
3862
5491
1905
7502
6310
1451
815
3478
8899
5501
1447
4117
8954
3130
2683
1978
127
8487
5923
5917
8119
6267
2286
6222
2981
9652
8774
2881
6320
381
8659
8093
7714
2317
7307
5253
4158
7824
9586
5550
349
5489
2474
5877
3603
4547
7876
1591
2004
6975
7577
1722
4227
8614
5522
8565
4957
5011
3780
462
4360
3869
1432
2154
5145
1196
9101
4024
6113
582
6537
7518
806
1917
4178
5818
5995
9316
5481
5961
38
8948
1373
3674
7879
2448
4260
664
9314
7125
5251
6884
864
313
9179
476
8022
840
2382
3393
4269
7570
8437
7501
9964
1181
2462
1454
3619
9259
4004
7539
9202
2905
7601
5601
1401
2109
5
3708
9632
6412
9270
9632
641
2901
6874
8001
5025
8935
7351
2700
6372
9747
4903
7185
2824
2699
4589
514
6341
6838
247
6708
3900
2558
7225
7130
4144
7789
8943
6412
2829
9718
5203
9351
8356
9633
9249
4327
1727
2978
6654
2683
9833
9125
4156
1001
2832
7572
2721
1724
4252
8591
5723
8502
5296
151
195
114
4239
2831
8058
8215
8451
5659
6913
5595
4735
2475
3149
5399
1279
1502
4038
3665
943
2226
9729
3550
4087
1964
716
1079
9039
4045
2438
1742
1637
6464
9819
5756
5970
6457
2859
658
567
880
3406
7758
2543
2808
4465
6404
4567
2528
8473
7409
9285
3796
5887
6666
7651
6420
2978
8023
5290
3106
1819
2146
1901
7273
5616
311
5088
9091
7036
566
3485
4118
2152
7630
2072
969
8392
9195
1233
3298
8224
853
5962
5841
7495
6416
3946
7647
6780
6326
8376
7871
9867
8534
4855
4602
9398
7405
1642
4800
6686
3401
5492
2442
8692
5952
8795
4263
7414
3984
406
1292
3851
2886
3121
3595
9297
5873
8942
9120
9691
7117
7862
8526
1873
229
405
51
9126
6865
5181
244
8629
9476
9969
4895
6518
6956
7320
8637
750
730
5174
9434
6531
4756
9252
1075
4934
1551
4323
5777
9555
927
8847
3616
5054
63
8213
7944
1370
6856
8136
2199
7448
4098
3827
8043
1714
5328
2980
638
7446
2892
6433
5864
4115
7689
2808
1094
5924
7699
4600
1246
8144
8555
525
1233
5950
249
5840
8071
7259
1826
3498
6014
5451
2905
9580
4947
9530
7949
375
1830
8858
1167
9591
2503
9401
3611
7231
7554
8315
5236
8231
7971
7134
7305
4902
9098
525
8690
3318
5550
3101
8319
6661
5579
198
9746
5048
4338
1397
5971
4667
2009
4846
218
4058
3263
2039
8164
1717
2417
5719
3468
411
6297
4110
9063
5186
6960
7936
6179
7000
8450
731
4581
2655
6951
3068
6581
5469
6347
2344
9591
5180
5805
4762
1651
5828
8714
290
796
9778
5035
3226
9792
4091
3338
7093
6126
9162
9532
2639
1570
1381
4049
9004
6254
3190
6561
3698
7243
5060
6693
6392
5016
7888
7609
1086
793
5007
7461
2052
5311
9590
4874
6766
5547
315
6604
6414
1321
4363
7120
537
4233
204
5476
3473
9969
6043
8649
7253
4634
4828
5282
129
2299
7939
1328
7728
4795
4416
9881
6460
5278
9434
8135
7663
5090
5250
6809
4221
8033
4712
5003
3722
2365
4449
5818
1814
8996
9956
9115
7246
3100
1350
4578
976
6451
7173
1851
4327
396
158
127
1249
5401
3137
721
6669
934
235
6593
5509
597
6683
4820
8894
6200
9603
6204
263
7157
6486
3154
778
8978
2128
2422
3251
8939
5779
9561
5058
7737
5860
8362
1984
751
5188
3082
44
6344
3225
998
2445
8914
5785
4400
5593
1843
5243
3620
4728
4001
8530
1110
8361
6573
8318
3949
7259
1075
7339
5890
2955
6335
9131
4880
6691
3122
6862
7639
8088
5985
179
5854
448
5387
7225
5378
4217
249
6281
3295
7686
2942
6159
3835
9457
44
9517
7878
1968
3574
9038
9237
7562
204
4398
14
7790
654
9632
3616
3543
6461
7041
9371
9263
9953
8603
3694
8101
6078
17
9444
9725
458
5443
6552
3452
8190
6237
5705
4832
3096
1538
4849
6511
4152
3632
5115
7633
2313
3582
7832
5501
8454
8239
4369
7661
6241
6824
2258
8245
7814
5098
579
8939
1129
3533
3696
8096
5344
3790
1749
8293
3558
5818
1977
1979
5181
1629
5469
6201
7084
2717
9026
6773
7103
220
7392
8237
8475
8389
7934
4089
9380
5841
3917
6330
3213
2647
4011
6000
9171
1679
8337
8254
2885
9876
9852
3896
4201
7563
9490
8969
2166
8149
360
7760
3352
4699
2675
6493
6314
6013
9698
9214
4308
5768
3424
1262
5193
4135
8352
6216
3259
6964
7938
351
7283
3671
6475
1120
3115
8693
8547
3203
971
1015
8372
3495
7413
4735
9821
5479
8752
2337
3597
9596
4689
4372
1669
5724
9590
322
556
9021
7133
2092
103
7455
3380
9293
4948
3697
5310
4861
3217
2290
2418
7182
1577
6996
3211
3320
8521
8078
7492
9068
1156
5258
437
6597
498
3227
4748
854
7046
6386
5816
9099
1072
5973
2948
5981
3720
9401
1915
3037
2734
7508
3735
3135
5439
2850
1172
7503
4352
399
9652
5923
2945
4690
140
5483
3951
5878
8095
1629
1250
2758
6134
2072
9574
9925
2244
516
2597
3390
331
538
5248
2402
3747
4415
3872
6994
6035
8652
2817
7454
1409
37
1212
4297
1282
7308
1409
7289
2659
5221
8091
5217
8527
7638
9903
99
1725
3868
5993
7934
548
6397
3025
3747
7567
175
7596
7439
9301
5559
1752
1912
897
2591
6862
5630
1224
4122
6155
5591
5408
4531
1624
2112
7664
2578
2483
9932
2808
2679
3610
1895
853
8405
4666
8452
5932
9166
9071
7268
4308
3475
3842
5109
8712
9448
6112
3519
6218
4026
6378
7892
4597
6242
3336
4122
8890
4869
1408
6071
8816
7205
2427
2250
6301
7749
3430
2737
1566
4827
4114
7489
6548
4782
5981
154
8697
6080
8243
5898
9931
8386
1708
5410
5005
3523
5912
1541
1447
1537
3197
5780
1333
656
4301
5761
9255
5349
8790
7473
8116
4507
5708
5208
4166
3001
2842
164
3681
9791
394
884
9018
3854
5736
7082
4038
4861
8769
2192
295
3591
4812
7470
1569
2936
4997
9793
5722
9041
1350
8570
2035
3608
2123
4198
8305
3026
1910
9948
1239
1310
4417
7062
8229
5688
7809
3791
4696
3592
8365
6562
8656
7812
9601
8861
6853
6530
2186
360
6618
5617
1397
8121
6207
6430
7223
6762
3484
6933
9848
4106
8590
3792
6852
5984
3833
2597
9275
3565
4742
2382
3930
6225
5848
2588
7332
7404
4810
3833
8528
8842
7857
9755
4398
8049
3236
5303
7350
3936
6620
3032
3672
7571
2378
3958
5588
5450
4628
1363
3873
6291
194
1490
4878
6236
9969
674
2541
7075
9433
9114
7899
501
3666
6927
9540
197
3529
3887
4012
8075
8488
7166
231
9219
1319
2906
4593
8888
6810
7272
3535
9733
19
9755
7660
3126
2565
7177
8451
2818
337
6785
9214
1723
825
2466
1818
2469
9132
7574
2549
4449
8257
2851
5093
1280
7670
3591
1173
3599
3450
5191
3380
447
7959
1953
4755
8840
9892
4268
4709
3177
4334
3400
1814
3688
4346
5051
7219
6720
6425
8397
5082
4258
7287
2813
2077
6823
2377
5031
1065
6578
1001
539
6094
4717
410
7385
4462
5085
9543
7118
9203
6914
2045
5490
9186
9757
4649
6637
1507
3138
4390
9187
1067
4252
7511
9666
9895
3497
5963
121
179
6699
1949
6574
834
6754
6957
4126
7629
4759
5472
4104
8125
4941
4373
4492
9884
4276
4174
2759
7086
6811
3677
6244
128
2242
3302
744
5120
222
4863
8722
7472
1421
962
3133
7865
3164
1071
6505
6972
261
4617
7218
9236
6562
1740
452
1672
7153
1840
3780
2624
8498
6642
1482
368
7314
6365
7258
2959
1328
999
1398
6240
7371
627
4346
5307
7431
7053
1319
5852
3333
3011
5659
9646
5921
1069
4172
7786
5736
5373
7028
3587
3644
481
1268
1711
6846
4166
6086
8307
3747
4257
410
8701
7773
5603
9779
9772
6101
4575
5647
4817
9689
8548
2682
3127
8418
9208
4487
53
452
4065
4820
1483
969
1045
7042
625
9377
6006
5140
8567
9554
2778
2522
9000
4288
587
3708
6729
4094
8686
5382
688
3119
8492
9667
3962
1001
7571
1803
4522
9285
2754
1123
8195
9344
9994
2580
9696
8090
3106
4105
4690
4689
8377
287
4758
7925
657
9602
1267
7633
497
2789
2289
1575
1734
4698
7853
9854
7387
6970
7954
3574
2029
9908
1842
8322
9321
249
1989
8479
6633
4692
4120
9248
2111
232
5653
6013
3308
2895
1890
7755
9864
8795
4071
3811
389
2810
8973
9722
5660
1441
5879
6012
8078
4297
3894
8426
416
5630
8566
4094
6545
2498
9741
9301
5203
9415
5570
2775
2462
5248
2931
5502
4403
5677
1453
139
7581
4105
7066
5067
5325
1721
5792
1324
5975
8582
4916
8039
6258
1356
2031
7890
2795
1455
9643
8506
2088
1227
7857
8590
5337
6496
5939
8259
1393
1325
2050
7922
2691
7371
3854
1904
6252
984
521
5656
3222
55
7871
734
1044
4294
3167
944
3018
9129
9525
6325
604
938
5781
1707
5883
9747
3185
6317
2063
280
802
8341
4904
9639
6457
3814
9144
3858
7995
7320
5540
7243
392
8109
4365
2207
6274
3188
3559
8617
7392
426
1416
6708
5136
1778
8936
271
9003
9236
3546
4856
6488
8329
5716
7984
5375
4267
8333
8831
7298
1260
701
9702
7411
5183
295
5815
3143
9217
3324
9844
3161
7119
2706
237
8144
4604
5977
8744
4733
365
4519
6628
7140
4917
6122
3165
5974
9378
673
3469
4626
4019
6448
175
1845
1496
1264
5061
8496
3290
1374
9512
2817
2919
8415
1715
9378
3006
1489
7296
3469
9839
7711
7203
7997
9893
2817
7740
3006
1144
8804
5247
1091
9770
7760
710
8190
1669
1645
1604
1793
4131
9817
7810
3904
9859
5911
6405
98
3803
2855
3652
8446
8384
2605
9790
9452
6327
3649
926
9345
6982
5108
6997
3913
3795
6121
9425
6210
9197
4708
9565
5974
8448
1706
252
5785
1524
1616
3077
7499
6018
4994
6867
1330
1206
559
7831
978
1965
4139
8671
1190
8581
5397
1326
3197
7906
812
2795
4115
9471
3422
3280
128
3232
7437
73
2493
8869
5303
8115
1707
6670
7774
6591
3448
165
799
1348
6049
3052
658
5921
2886
3230
657
5622
2488
3611
4795
441
9835
5302
1841
3564
7503
7984
2482
483
7145
7760
1537
8212
642
3204
9382
3167
8486
431
7332
4196
4836
4299
6733
1219
4968
5170
8608
4171
6444
2655
5276
5677
8946
2116
1422
7944
4291
8303
8380
3529
4682
5154
2504
4022
9153
7744
6943
7056
7003
6159
4859
6699
6893
3421
5004
7698
6004
8929
4627
8705
1988
7631
9971
4715
1954
1572
7113
495
2215
246
8139
7498
1859
4606
1633
4606
3799
9409
1975
6108
979
3656
4541
5829
5666
871
884
3525
7183
3993
5246
4434
8781
5368
5601
9171
7172
3726
3393
7262
5222
7653
1740
2670
2
3522
7214
9344
381
2766
7949
2337
1863
8769
942
841
3161
3979
6150
5601
798
885
361
3908
5207
3826
4639
6562
6911
3502
6856
5378
6074
3724
3207
7975
4158
2912
4015
364
2554
5036
7922
8644
5387
4779
8031
5486
1326
727
2334
5567
5857
5952
9017
8443
7694
1486
5035
6630
1925
4494
1444
8712
9606
2135
5908
2842
9711
8436
2472
3940
5023
2434
8760
5039
5452
7256
3674
7900
6189
770
3589
1861
8679
6456
1414
7696
9429
2533
7367
8309
4701
2035
9920
9493
7187
3547
8871
9820
227
6321
2058
9979
5423
1742
3570
4944
3930
1106
920
4468
3994
7831
8529
5195
405
6576
1646
296
2644
7936
4064
9661
8503
1881
6831
6004
8119
9481
9058
2471
3792
2968
6806
1722
2559
9150
5104
6355
1354
555
8675
8744
8838
1509
8237
3387
956
3658
8941
1243
4818
4188
2202
5412
7643
1171
4791
2303
693
2923
4009
5313
6232
2826
2867
1439
8765
1075
3415
2765
3508
3705
8942
8900
9530
3299
4900
2765
4858
2663
8644
9063
7935
42
6681
8444
3535
1606
4684
522
1934
7865
5438
5166
7866
7309
3900
864
7406
1580
1754
877
996
5580
2432
6748
2720
377
7942
6581
6118
7988
8148
4843
3605
9822
2927
2402
5760
2008
8989
8873
9998
4135
6507
4801
9514
1444
2634
5002
8667
2312
3388
8135
7161
8001
9391
625
893
5495
2542
4941
7295
2174
9315
1071
9616
2897
9271
5127
7567
8403
657
1419
8236
4651
23
6396
9386
6927
718
7464
1392
9926
8830
7497
6858
5928
5550
4916
6348
1854
6618
3489
3463
4610
2886
7029
5209
4317
3562
6337
4005
7602
6257
8861
3442
953
6933
8915
6838
5307
5026
2129
5125
793
6141
105
2347
5190
4278
8632
8343
8085
547
5587
7249
5204
6030
2086
5336
5986
5396
4663
2430
6069
111
9938
5632
1843
2453
6151
1248
3946
3602
7857
5905
5804
7533
6723
8404
1461
7296
8263
2695
7795
5482
6119
114
2567
6754
6817
3366
9465
8721
8694
960
4166
5473
5997
8355
4013
2455
9605
8976
6248
7579
2332
4297
9246
6995
5612
2687
2206
809
3069
4826
4090
13
9237
1293
2270
8716
12
7692
1343
5341
7093
8803
6411
7079
7336
8194
4111
3165
2225
3604
8205
2951
3403
9012
3824
877
7258
908
9826
7114
268
6255
3354
802
263
1657
2948
5441
4687
8539
6864
255
6371
1682
9505
5820
8673
5905
452
1730
2904
4301
1851
7751
1438
7768
262
1780
54
6483
6108
9071
6156
878
580
5164
1414
2361
5918
8501
6404
4803
7547
476
9383
4780
5613
308
2564
2718
334
9900
6168
2900
7461
3819
8514
1281
6379
3954
5372
6960
8474
3207
857
7942
2698
1120
3861
4493
9160
6047
7861
5268
8115
8237
5711
893
8646
5914
6129
2697
6571
9908
2282
1312
2301
18
2129
9462
123
3863
9777
6326
9499
9333
9944
24
1721
404
8010
4485
8517
5695
6549
7704
1187
2803
8358
7453
2371
2163
316
4811
730
283
6896
2185
8180
2399
6825
9515
6924
1843
2609
888
9097
3388
8262
2196
97
3237
3543
9394
8098
8806
6781
3803
3838
4517
2020
2335
3995
9622
3299
6475
1920
3393
3704
8112
591
9707
9042
8273
1359
5629
339
4295
9424
9099
6927
8441
8939
9794
4597
9073
7130
2662
6418
8033
2870
9944
3499
4866
1920
988
972
1400
6024
5607
5280
1407
9726
9808
883
7115
2862
3821
9580
1769
1550
7926
2724
889
8115
9820
3505
577
3596
3598
979
534
7134
3127
7541
4257
5931
7508
6490
4459
8866
9092
8866
7829
6839
188
8139
4920
2954
5991
6993
9124
3972
5909
4163
2883
3275
6803
6645
5537
8498
7845
5043
3503
7438
3995
2968
9736
5496
5761
4827
4262
9867
3934
7677
9164
9835
6889
5866
6838
3595
9960
1483
9816
9460
1049
3406
2109
8621
3257
8859
9218
4091
2232
6145
6325
7819
5312
1423
4018
3311
4806
1923
7445
1682
4469
7868
1491
1918
5276
1640
4419
8684
8609
5062
753
1003
5830
7780
6109
3133
996
6222
4686
1497
5177
4605
3571
9901
8689
3539
3597
9726
3741
8196
5748
7948
8098
599
107
3118
2423
6387
1607
6034
2468
7607
9642
6434
8432
6039
4788
8474
9501
709
7293
6419
1209
3295
6953
4690
9191
4203
4462
1339
9048
3666
9183
5358
7409
5769
6849
4700
6575
5906
9218
7938
7212
9064
7708
3752
3784
2373
4984
191
1075
9652
7961
9336
3206
1480
2121
5232
810
4557
9497
1180
4028
7200
7171
8803
2204
9028
3887
9283
7578
1616
3700
3213
9360
2809
211
5177
2765
3385
570
3000
6399
1343
1503
9508
4818
1
7362
4028
1086
5513
2638
775
8299
9191
7391
4212
2563
4619
7419
8855
1346
8325
6241
8391
2699
7638
4719
1208
6111
3838
1983
2118
3298
6421
1281
9424
7160
3083
1827
3567
8215
8848
585
1415
9665
6392
5652
4776
227
9819
8186
6556
6261
2391
576
3483
8318
5462
2968
1999
8672
5415
4111
687
1302
6173
5964
5785
3303
3426
821
442
8251
4170
9361
9491
9686
3963
4009
8191
6967
8411
1221
5166
4095
323
7665
7145
2372
6047
8236
5197
5234
4875
1189
990
3568
6588
5410
422
1691
3142
5601
1662
2431
736
3619
2
4113
673
4990
1281
5651
6028
7081
3689
5669
7215
9469
6424
6855
5277
3434
7706
979
344
3145
3127
3725
7769
3471
1866
5049
1011
9652
3715
1199
4329
6510
3008
3839
1495
4679
2359
262
7698
8200
699
48
4801
3103
1444
5165
1810
3446
4949
3707
5563
6214
5910
642
226
4991
538
388
3471
4180
246
693
5304
8589
2483
5214
1763
8528
2170
5388
5683
6175
3086
1954
5686
4850
8838
4060
7294
4860
2679
5581
8821
9120
6395
6165
6579
1915
1823
4624
9752
7680
705
8317
1414
4435
5257
4804
1152
3468
362
1952
3842
6874
9481
2569
1929
8739
7395
3736
6400
7319
7692
4219
7780
9244
388
91
1256
1002
2024
4528
4454
6375
4368
4460
5452
8837
7458
8171
9873
8959
8283
508
8415
8119
4514
2597
512
7036
1415
1498
6934
2544
2542
8549
2540
4965
4229
6742
5528
9989
3576
3349
2555
3685
2674
6210
9379
5531
9780
4945
89
6015
6767
9751
1756
3200
7767
7329
782
872
1432
6715
9395
5146
3362
9095
7178
1950
9960
1399
6662
8450
6679
5372
2665
5733
7533
1070
720
792
5145
7078
337
5170
3894
1388
1975
3686
459
5547
3426
4226
2691
3910
2533
3194
9669
6392
3274
301
9997
6364
2021
9131
2715
9120
1687
3165
4597
8150
5117
5334
2952
1073
5110
4783
7838
8372
4329
5791
8545
8367
1455
7238
1479
1873
1836
7404
3032
3132
1153
5850
5298
656
2162
6382
8429
9802
507
2555
6696
2350
7654
2202
2531
2570
150
7359
4334
7347
5243
2262
9221
6437
8686
5136
7780
6102
3827
5990
1175
8882
9126
6414
2252
2527
3064
6833
9923
2919
6922
2589
1581
2304
4118
3003
1109
2131
8973
3968
4327
3141
4579
2645
4533
514
3626
4909
7423
9955
8085
6278
1286
4994
2368
8435
3285
4171
7561
1911
720
6899
3478
667
1400
1805
4879
4628
186
8788
1702
7166
3952
6965
4864
9111
6292
1814
5298
4861
8410
7804
8421
3109
7355
797
4871
3274
10
3092
1861
3486
5470
5564
7273
8564
1402
8492
2831
8763
434
9098
1739
3341
2550
1107
286
4504
4777
2683
840
2590
9484
7440
2518
499
6464
5987
3078
8424
4966
7943
5577
9892
291
2369
4652
3570
4044
1144
7660
4246
4526
2377
7602
3711
7372
793
6954
4493
3093
7214
6994
8343
9064
2202
5850
5694
3789
4849
3907
8006
2033
9360
9230
4379
2704
2712
8861
7395
4932
7319
7426
4138
5730
9617
9058
5926
2379
1807
5599
1333
9892
2072
5822
6549
5313
7030
6988
1691
6360
2412
875
8853
5673
175
1473
2806
396
2435
4468
9900
4652
1855
9008
5581
6849
221
1265
969
4253
7675
6182
5570
5868
3264
7364
7219
1140
5814
1867
1498
4485
7428
1227
4496
8045
739
3193
1569
4890
774
922
2898
1446
155
2903
8258
2745
991
2534
1615
8311
467
1283
8904
4778
1014
269
995
8892
9497
230
4343
3220
2239
627
7954
3259
6087
7468
7716
6395
6337
6007
8438
7501
5129
280
4565
3175
9669
3526
9626
5635
7175
1938
7096
9422
1169
7395
2640
1134
4391
9766
3437
255
907
3145
5979
1623
4564
8824
8588
6914
2883
3582
7955
2538
5311
2968
2994
5713
5142
9504
9772
8430
7472
7908
1968
7327
6808
6528
435
9963
7723
3627
2926
4132
1553
8655
9272
5880
8672
8426
7025
3684
8779
5342
5251
172
8508
9661
563
7252
4499
6238
2093
3849
5829
9891
8674
1530
5667
1311
9269
557
8644
4929
8077
6960
3090
2696
1227
1955
7635
3433
1744
9073
2842
5211
6275
9238
5819
784
2313
1069
6770
2332
4768
3007
7680
3769
481
6687
9548
6586
6826
2373
855
5072
6822
8835
2541
406
917
7137
1703
1975
4408
374
1635
1659
146
7594
7600
6701
2040
6912
79
3822
334
3764
8756
5533
2333
4277
1853
611
4709
7346
1773
6584
125
8941
1660
6514
1412
6584
2130
8583
5949
2797
7949
8993
288
6344
1128
3583
2130
3524
5833
9762
8268
9807
7875
4859
9398
3251
3668
3453
1036
4401
7842
704
6306
1114
3011
5578
2564
7896
7822
3383
4765
8395
3686
5171
9894
4120
2712
6081
946
4170
410
9259
1616
6076
8157
8416
1753
2718
3897
6985
3238
6943
4859
6816
65
2856
2706
9410
4677
5313
9989
1052
6823
477
9952
2855
9750
184
4843
8641
6901
7918
7215
313
8059
8475
1838
595
5333
902
3492
6094
364
64
299
1933
2021
8398
9385
7169
3681
2742
768
2096
8309
4982
1422
7093
7383
3505
2955
4457
7417
3076
3029
2516
3624
6923
1470
580
6617
7776
6839
3795
429
587
7000
2113
9136
329
4077
8657
5350
4883
3909
2082
5133
2415
4181
8162
3954
1745
8015
591
4494
2513
1658
6339
64
9088
9800
4569
6709
7980
4145
5908
9460
7222
4427
5334
8254
7943
2330
1855
656
6651
4845
1115
2254
7472
4533
6644
407
7165
4659
6436
707
535
5849
2139
8766
5368
4972
4510
5888
8909
8503
6895
3599
2856
3040
8300
1744
7632
6051
9511
4493
289
9586
8008
9412
7191
7705
7328
3994
2073
523
5361
1614
3919
9394
4520
5161
9459
5646
2494
746
4234
1918
2190
9453
7556
7732
5586
3651
2772
2006
5526
2257
5685
753
1951
6693
5789
3164
7864
857
8728
7351
8659
2057
604
2994
8425
3241
4796
8798
2221
9800
432
1481
4747
9503
9753
1979
7978
9591
9241
3963
3704
1043
980
3327
8286
3105
1055
7733
4447
4189
8272
3450
7894
7335
1793
2405
4696
6908
8287
8900
614
7091
6441
2791
9692
9231
3654
8342
8988
3142
3510
5428
5833
9960
1303
5382
6795
8429
8672
3650
9698
6276
6598
6814
1098
3656
9109
1002
7613
8188
554
1514
9169
9590
4528
1352
6657
6024
8989
9189
4031
1224
5808
7031
8684
7293
3088
7583
2503
8229
370
8661
1065
5114
3028
9564
2964
776
1070
9418
917
7658
186
8622
5580
9146
7339
3740
8352
7455
8030
2878
4461
4059
5080
2824
8696
5313
5971
7129
332
1631
8961
311
8991
5652
6142
9879
9937
1979
7412
7038
5636
4184
5972
687
4277
9525
4623
6215
4320
8469
102
3192
643
9151
4009
5364
5214
5296
6406
5858
9206
1457
1339
9480
5671
9240
6511
7960
6844
1044
832
3528
7319
7808
4932
5751
2071
8343
9440
6013
9511
246
8610
3939
5248
1926
9079
4218
9136
3851
5139
2764
1972
4184
4099
7677
9173
4744
574
582
354
4207
8854
8963
2340
1346
9710
2851
251
6725
270
8419
5237
9902
8571
9750
6934
7551
71
4372
4800
2712
4533
7364
9252
5710
3254
8201
6717
5108
2906
4449
2041
5273
5272
9319
7007
3085
736
1911
5586
8460
584
6230
2113
9635
4469
9372
2466
1505
5657
6154
7482
9237
946
9776
4423
4284
40
4068
4983
4666
4009
719
1075
3708
719
910
3648
8829
7270
5697
4209
9826
9393
5964
172
6520
4141
1696
5515
9782
1934
7201
2290
4120
6667
3989
5648
7695
5114
9032
4411
4373
4261
7655
7312
3080
8226
4963
4186
6315
976
3713
2296
6256
4956
3538
7919
4809
6733
9192
6224
3108
8484
4555
9074
7967
3290
5661
7080
5317
3198
7323
9118
8794
9552
8518
8898
6500
1193
5982
8807
9910
5813
2573
5720
312
9135
3286
1599
6279
2285
7801
6006
6712
4785
389
9301
9158
7097
3661
7360
5601
3688
4852
1349
1192
1801
6756
5359
9574
4220
5081
2799
796
5876
1561
9797
7257
9129
7973
9544
2576
2244
7432
7487
8248
2364
3537
9697
3115
5667
7156
8829
7911
9653
5876
9069
2538
3877
2859
9731
4473
4921
2197
389
7174
5552
6407
6789
204
2862
1981
9312
1227
2976
3934
6177
2020
4322
7804
7236
2035
9940
1596
6151
3491
1692
3838
3080
9626
9129
1334
7848
6369
8815
4395
9734
9488
9868
2639
8494
1204
6511
2229
605
4928
5827
1582
9059
5463
807
3063
6291
8580
6728
8595
8060
8299
2716
7257
7247
2694
8395
3206
2018
5126
3877
6806
5371
5627
5445
6451
8803
1952
2733
4321
2641
9182
7258
8412
5107
2219
3205
2267
9193
6936
3873
218
1020
9145
9878
5037
1267
1164
8875
3087
9212
9863
2782
3021
88
3901
5492
4256
6554
1501
550
3050
9354
4003
9998
3004
6642
9811
2363
846
8303
2373
6269
4055
2513
2861
2430
8109
6692
3704
2352
8812
7471
9763
2912
7928
7308
185
2354
4435
8596
7120
8294
395
5647
7506
4925
104
6428
133
1508
4097
2027
5362
6494
9896
7873
1971
4057
7685
9562
3894
3266
6452
5719
6058
7438
1246
7110
961
8703
3880
643
1901
432
1010
9501
4032
8683
5199
5370
4883
8942
7736
6216
7882
8527
8729
9643
492
9015
7774
8662
8717
133
4935
3505
8402
245
5402
141
5313
1440
309
3726
8756
4057
211
4944
3988
9925
4082
5099
8323
8302
8055
6949
7288
175
898
6498
8179
2788
4466
1426
3800
3457
4536
8589
8456
1991
3231
6459
9700
7787
3983
2252
8116
7875
3398
6133
6508
6565
4782
5414
4946
3478
8153
213
617
3537
4882
9310
2086
3778
5146
1210
7166
469
3564
1388
6841
4428
8939
1643
4790
4611
4334
986
5610
7088
7223
4026
3992
2196
3164
9105
9151
84
2810
6632
3690
2963
4149
2914
4944
677
2331
2584
5695
6572
8520
2227
8244
9814
1809
3321
3997
7436
5084
7674
6335
2105
2924
6265
3586
2326
6143
1402
2818
1095
6537
1315
8626
8631
1405
1252
7921
3775
4986
9696
9499
8701
8611
6721
3038
6147
506
7660
39
320
7292
3656
8109
928
5599
856
9797
440
9424
3097
2215
3857
5514
9762
125
462
3158
4301
7061
6971
5520
4435
9116
8558
493
9337
280
193
4853
5137
4213
8915
1052
8284
9650
1161
2811
1191
8401
3719
8283
6508
4007
7646
3604
8923
6376
2906
3506
525
616
1576
5200
9967
3538
4301
6460
3498
684
4844
2366
2962
549
6729
6459
5077
8823
6901
2999
8982
6636
5467
49
3431
5872
3933
5396
3613
4905
3724
3349
4161
3074
665
2001
1383
3065
5983
8468
5728
3086
3992
6301
9483
1723
5470
629
3676
902
2407
9459
1440
1351
7947
7808
246
4647
7525
9441
6873
8157
4601
5874
2833
6790
7642
9854
2635
7952
1924
6386
8586
9078
795
4582
8131
5951
1658
3514
975
2166
2345
4237
6660
1039
3619
1925
9937
4881
5861
6651
5011
8561
9910
1237
845
7192
7085
5333
5180
8169
787
7208
3776
6967
719
5120
1609
9068
7928
663
4575
4295
6163
7334
9872
1466
4751
6527
4578
7140
1653
3637
9852
7602
818
5603
4612
1157
6261
6619
3100
9804
5659
4725
5159
2721
8147
976
6183
1529
3764
8429
4292
9021
7481
9138
2057
6798
1972
7000
9050
16
6974
6588
486
2171
7394
9107
3038
9651
5119
5909
4774
427
1742
216
6195
9740
4377
9021
8831
4798
5729
8734
6026
733
8808
9762
8589
8211
9221
9618
3133
6793
1909
9221
1966
8447
1134
5484
6720
4538
8935
2088
4338
3100
6783
1014
6941
469
4259
512
3924
3764
3987
8220
811
3047
6556
9842
6028
7457
6559
177
5308
678
4135
8847
2345
1361
2149
3252
4330
3020
6017
4840
4909
3201
1196
7889
5995
2518
9882
367
3126
9365
6095
7345
4680
2558
5203
6160
7988
4825
3285
5399
9852
6846
1661
6637
6653
2341
7041
9400
7716
2506
5858
424
8911
4634
8840
7972
4883
4359
8003
7541
5452
2987
5674
3350
4354
3903
2375
9252
4023
6912
7949
2636
6525
5828
347
9883
4590
2028
1671
6382
1666
1385
7379
6779
6573
1475
3834
8932
3923
6140
4584
7295
8870
2152
7534
3617
2230
685
4912
1056
4928
9966
4453
8849
5934
3175
415
3933
3863
246
2226
9165
7090
8429
2321
861
3794
6681
6689
5586
5426
8911
1579
4569
6920
3319
5771
6189
4039
4670
7192
6390
6854
5970
5774
2533
7122
6956
1918
7412
9282
4807
7615
9185
2883
9863
1396
1102
8872
1163
8858
1673
7373
7950
6004
7221
1016
9615
9540
8022
6500
3045
8331
1915
9117
1529
3265
139
9585
5827
3264
5405
2956
4860
5438
2570
500
4437
3711
175
9447
6544
2387
4199
1375
2961
7198
7407
3857
7368
2405
3401
121
3406
7524
220
9814
261
7169
1675
1710
5959
3677
3135
8152
7982
8211
4594
5272
7073
9671
4876
1809
4035
7639
861
9766
6472
3699
3797
2990
5926
7885
6732
7968
7119
382
2
2472
3387
9357
9948
1434
463
4648
5535
2011
7495
3696
2828
6982
5068
6655
6647
6492
2734
3690
6425
8962
4167
9285
8663
3810
7995
1222
361
8300
3354
6176
3378
8634
4413
8284
3600
8477
9711
7953
4007
8170
9042
2673
6482
2297
4218
7631
7303
4637
2130
5498
2795
5376
1650
4301
9953
1160
3028
1825
4001
8024
5745
1130
4770
5426
7535
2386
2931
3410
880
6256
6332
5913
619
6697
505
5611
9114
3138
4876
5975
9823
7896
6382
6346
9110
7219
5173
7725
1922
9406
6857
4094
3760
5696
8339
589
3471
3431
7238
5256
4785
2582
3395
4327
5148
8835
3671
4273
4612
8847
4255
9833
4422
2081
9362
5493
6297
5766
3136
3819
8135
3951
4603
5632
2072
9501
4727
8823
1699
1459
3879
424
986
3452
4632
8753
6782
5477
1037
7768
189
9392
8390
9296
9930
3396
6329
6093
3367
3184
9541
2887
8409
9161
9261
3668
8829
692
3270
5257
4719
9285
1644
2734
6376
9066
8150
1478
7641
3569
7588
7313
5604
4838
3248
4914
8958
5557
1020
3438
8429
164
349
3225
5706
5592
5679
6452
1942
8954
5361
2650
9126
8071
58
3935
2315
8306
930
2364
6310
896
5484
2309
3179
9389
3513
284
297
9808
4420
2881
4004
3073
7629
9012
5720
3153
5593
9709
6004
3663
9733
2692
932
6357
7432
8967
3444
2325
129
3989
525
9778
5637
8850
4019
6057
5207
1004
2638
1396
9666
1149
7928
6150
4645
4796
9456
4401
5285
6532
992
8898
9426
5666
6003
4550
5528
4183
7045
889
572
1015
8067
5649
3161
2760
6670
3602
384
3254
7885
6951
7249
5737
7011
891
8787
1944
1550
8274
2131
6978
4387
1811
5677
4603
530
6084
408
769
2091
1242
4505
5053
5050
2733
1056
2329
1309
7733
4173
9190
9123
4026
779
2375
1362
8224
6208
549
5162
9052
1971
5056
6273
6557
25
8106
727
3269
6073
1674
818
1944
3406
1899
2420
3906
114
6588
2569
6797
7214
4172
5346
1657
2340
9398
647
7060
8043
3986
2345
451
7420
2902
9679
1296
9715
5153
8911
7355
5335
6112
5235
7662
3078
6747
6167
6458
2248
6749
7014
3544
5801
7983
6604
9130
7672
7752
1911
1158
3117
5381
5569
2269
9692
5976
2686
7978
7273
2060
2468
528
7426
9033
6522
1669
8200
1638
5479
6819
8585
6890
4030
8745
8193
4041
8014
9448
5430
4869
2133
7513
5693
637
1320
7201
3541
8015
334
6606
189
3920
302
8464
814
4452
9502
7797
8781
9714
3729
8400
3131
9988
7824
6399
672
8958
7418
5723
3491
1151
3293
7189
1510
4441
4969
6609
7156
2913
5977
3896
970
9903
2179
5632
9107
8414
3940
6898
3491
3505
9844
471
4193
5410
3963
8375
6713
3493
8849
6689
9987
4119
3957
202
6304
3171
915
4267
9295
5890
3200
701
3659
6692
1592
989
5360
7887
5004
146
9383
1314
579
8057
1665
5971
1649
5714
8231
9526
6226
6277
2434
6465
4068
9509
4995
8702
1693
9508
2247
9662
9789
4649
8061
5971
8859
2777
2040
3048
5221
9816
1761
8074
7463
9565
6581
6793
4454
1382
5802
5100
6699
2946
8410
4017
3756
8814
5918
1646
3370
4471
7622
5896
2535
4471
1751
7876
7693
7502
5546
6782
7581
8929
5670
5212
3781
557
1704
1275
676
4598
6486
8643
5105
5928
7717
3146
3326
1167
5800
8710
1175
6056
2749
3007
8137
6118
7816
8997
778
7132
8982
9814
3079
2577
3642
7452
8463
5957
6799
8102
9858
9397
1499
7350
9873
456
7850
631
615
2425
7596
8967
5214
4808
6704
4151
6478
9191
1717
7742
9753
8903
927
6035
4976
5911
5984
5592
860
7609
7086
9866
9916
7762
4772
3616
1702
9505
1644
6995
1525
494
7695
1804
8157
7091
8942
624
8763
1810
5625
6046
5582
8569
2804
4155
4800
7576
3470
2809
287
4225
9084
3095
412
5104
6329
393
9356
1947
4728
6596
9048
1004
279
2149
3798
9534
2260
9603
8474
8190
2762
321
3273
2809
8393
6730
16
6025
3489
1765
8381
1628
6659
8644
7988
3530
2171
2548
5996
4380
3386
6049
4891
2163
1465
6094
1187
9899
8929
738
3702
2772
6697
4874
9903
5939
4146
3029
9098
4177
4245
9023
9041
4192
3521
1345
233
5779
228
355
1904
9919
905
6276
2296
5783
5667
9670
4808
1834
9390
876
1257
1595
6834
4487
4967
1014
3489
3164
9892
2547
1010
1948
8243
7542
124
1238
5103
8565
1181
577
1877
3212
2888
8038
9777
7654
5613
6676
4085
6635
2556
6620
8046
6601
9580
2801
7426
1366
1231
9878
6913
2680
5695
9626
1219
1109
6082
3203
5891
3264
6920
8261
491
6666
987
5433
7231
8986
1360
7637
3444
3458
4313
1605
452
8475
9914
3853
4999
885
2847
3970
8525
2709
3344
3350
1928
1889
4532
379
9601
7183
882
9158
1016
9562
3572
738
9087
5866
9412
2928
1117
9672
9453
9559
7237
2491
3915
9180
871
4873
8703
4358
7385
7978
651
1778
1437
6228
3433
8223
6091
7280
1833
8596
5334
2332
2025
8642
7395
1305
655
51
8103
2195
3006
7903
3557
3587
9375
6887
8436
9931
1356
2024
8199
9795
7634
1840
8908
5670
769
7172
1554
6960
8145
8354
1957
6911
533
609
5318
5217
5598
5501
2735
4353
5560
360
6226
1835
5839
3232
2863
7774
7158
9982
5895
2739
7483
4936
7215
2934
2384
7213
1201
8825
9998
4980
6231
1277
8235
2859
316
6910
1471
4290
7657
7489
1634
6325
5025
4949
2936
104
9659
4551
3321
35
3928
2390
1881
9781
392
763
3762
2996
8032
1660
9341
4394
6287
154
6627
5727
6046
915
9909
3714
7974
3042
8113
1628
4190
3095
146
4037
9041
8442
7429
3586
6898
6885
40
7211
8753
6075
852
1273
1692
76
9710
8472
3519
3242
276
1253
3406
9120
9227
2026
9542
6680
5956
852
9169
3531
1558
9958
1521
2037
1362
5187
4713
7189
1996
1376
3756
3612
9743
6189
3009
4317
4347
9509
1893
314
7493
9253
8991
7010
5543
7088
4503
61
701
2070
3000
534
9077
6806
2148
1177
7567
1725
1440
725
7676
63
8743
1348
3071
8856
8723
579
376
2391
6044
7843
1976
3912
1874
6513
2148
9652
2584
3303
9751
5521
1471
8579
5147
4125
3449
3845
6941
25
6718
7255
6040
3420
1160
2576
2436
8019
583
1935
2920
9826
8264
4963
3479
5809
2228
6547
4988
8381
1058
2111
8148
3741
3755
7509
6343
1532
4074
82
9038
5748
6071
5044
8725
103
2623
3986
8514
9489
9945
7194
7938
1245
5102
1770
2046
1884
841
3729
9494
3437
3648
7665
8583
898
6782
1494
3239
1031
2940
4595
1396
9360
397
1907
266
9171
7088
3823
4306
7339
5549
6366
102
1495
3825
1631
1062
7670
6760
2220
4803
36
3158
6464
7832
7203
8759
4600
8630
3753
2342
548
377
8308
6772
5501
8702
2717
1387
1490
7161
4223
3452
6960
326
2863
5799
3702
6491
8711
2200
9016
988
8733
5905
2027
8269
1917
3345
223
6397
7202
8782
7026
2462
6645
5581
2410
8972
5935
6244
1096
1673
6237
3506
9310
7308
9711
9075
1700
6882
4211
1076
1918
8248
6970
8664
4602
9945
5218
609
8674
2008
7334
5514
2656
8857
7306
7446
9147
5721
6055
1891
2657
3118
9341
1918
2840
3799
2519
9527
2350
360
8070
6556
3824
8588
5321
8353
359
8341
2812
1036
5163
3242
1308
259
1329
9933
6668
4942
6517
6630
1776
801
8747
8126
6917
780
9169
7471
60
2160
3279
9371
8236
3439
751
7541
5240
6289
9931
971
5452
1399
4019
1445
6487
6697
5022
2529
4340
9427
1408
1946
1104
9946
6195
1286
1854
4151
2257
3348
7503
7643
4506
5092
4190
4455
1314
9300
3507
3390
4112
4367
2696
2684
3273
6583
3601
1722
7521
8448
6344
8582
4854
3345
2586
8708
7835
9673
1481
3980
7708
9087
3042
33
9578
5494
3113
9480
3215
7996
5720
3826
2960
9826
1472
7481
1480
2930
6517
6379
2019
5998
535
6505
3294
2441
6863
8093
6674
2127
2249
5046
1574
2303
828
5978
1321
1019
6656
9278
4929
8365
3728
4404
7177
3797
872
367
8372
4398
743
9969
7021
5353
4617
9417
7856
2323
185
4017
1177
4865
15
2402
6161
639
4255
6068
1549
1595
8759
9521
2439
5669
4368
256
4164
7278
5167
854
6982
9013
185
4664
559
3774
8965
2015
4391
2267
3986
5908
2140
9149
5303
8548
8762
4979
4576
224
5299
3555
5162
383
9664
2521
3314
1092
9428
3022
3721
7116
7220
5952
7071
5608
4778
3339
5122
384
4754
5818
6546
1029
4959
4474
8097
6172
4657
4944
2980
5760
2736
1822
2722
2355
2809
2905
3574
2129
9121
5182
8516
2858
2281
1745
4026
7208
8642
9094
4958
3842
8444
8906
9665
2937
8404
5776
15
5319
4574
6687
7482
1340
8523
9481
9487
7789
3624
3950
9764
1578
9774
5721
7049
6192
4142
65
5994
8176
1667
1173
535
4961
8536
6467
8768
836
8132
3735
9028
8127
8055
4114
8270
5830
7866
2265
980
9553
9181
259
5974
6835
4767
1466
6284
1164
55
4447
843
140
8817
5389
8999
8988
8055
7375
7260
9362
3813
4934
1980
953
3007
7199
977
6963
633
9504
3484
7410
3154
992
4618
4756
8357
6090
8711
3326
736
3135
2530
9900
2250
3201
5407
7733
4919
4411
2981
7156
8320
8769
3121
6248
7829
7556
9017
611
4555
7775
5705
8495
2211
6062
9793
1121
2195
7571
6512
3109
6625
1201
4587
2645
6488
1201
4522
4514
6722
4924
3351
4169
211
767
8229
8846
5199
7369
7745
5140
5929
5331
2931
361
7522
1108
5143
1452
1331
6905
8144
2915
7596
1942
9402
59
7701
3610
9806
6208
4879
715
6746
3887
4485
7966
398
507
5696
978
7513
3647
2609
7713
562
8471
7177
6058
9849
5017
6004
6446
4089
1381
5460
9794
5585
2444
8895
6917
9641
6507
2299
2150
1713
9508
4270
3181
6753
7110
4983
7715
9353
3715
7397
4675
9948
8138
5209
2645
9446
2099
3994
4435
1022
4199
6499
6435
4199
3208
178
2838
7706
5447
8711
5936
4894
1790
385
2790
9112
5016
6589
9628
4363
7722
2514
2383
4269
3310
8590
5965
1983
8957
9506
1763
3327
4762
1787
5859
115
6373
392
4608
1361
8553
1234
1014
2743
2167
7444
7043
3914
5384
4088
3383
2329
248
164
6391
5953
7660
3277
6773
1925
6348
6257
7487
9809
133
6019
358
2646
7600
2955
7620
7808
9925
7524
216
223
9592
111
3086
1056
60
3074
6338
3380
6155
2501
9648
5430
2393
1897
8451
3266
9727
9043
2661
9972
7081
8953
6061
5073
2315
8885
1165
1404
8793
7959
6408
9982
5449
1132
9514
4200
6356
9086
36
7665
2215
2977
3690
7532
9626
4837
1145
9892
3464
8803
9773
88
3205
9658
2072
2867
2925
2288
7424
1093
4788
38
7610
8827
2650
1252
1639
2075
6905
673
9924
4471
8363
6736
6433
5705
2689
5758
8903
5515
105
1264
9496
2123
5759
1813
8846
7893
4824
6458
7068
5248
9756
3973
1540
140
3220
8802
7011
1623
1360
4561
1148
5424
4164
8883
4881
6575
9283
5623
3346
6571
7147
8926
6495
9111
6297
3013
5797
6219
5154
3472
1650
3307
1516
6975
9942
123
7187
8027
7234
5046
529
4395
1349
2901
6885
1992
9364
8044
6683
3089
6352
2114
600
3680
226
8102
9914
7788
3694
9448
8014
1968
8485
5906
5256
6915
5258
9029
2855
8800
8992
3769
9455
743
2232
4437
730
4976
3294
311
9891
4442
4255
6658
3851
1552
3767
9572
4463
6383
6205
8148
8617
1452
4407
5493
5862
1085
8508
993
3760
5702
1950
2149
8732
2496
4396
8542
6935
954
8693
9058
6922
528
9547
9451
97
9153
7353
5073
5821
704
3434
635
896
5789
2411
6189
8751
5125
2488
9228
2662
2772
7900
5513
2998
4463
3556
2752
5696
5279
6784
6560
593
7633
5156
6416
627
2422
1516
2348
2328
5812
1529
1106
660
8661
7408
574
9173
6485
7191
2316
1858
2240
3186
5001
8318
4178
8871
806
3815
5165
8539
7828
5358
4838
8780
8089
5347
1778
6435
9373
2163
2537
4972
9496
2505
7255
7343
7546
9317
9359
3402
9856
8474
5297
81
6460
8321
8051
6679
825
1702
3662
6567
3225
150
4563
4602
8629
6027
8986
8384
2119
2784
9709
1152
1046
2882
8084
4498
7030
9792
2888
5696
6624
7139
3560
3663
6552
5929
2433
3349
9916
7317
1343
3347
9302
1294
2727
9003
7418
4343
4130
4100
8206
7625
862
1895
9679
1201
5883
2837
1212
9
2423
4393
2110
6911
6985
528
5204
521
2725
8950
2166
2203
7907
4868
9
3776
7713
9108
8610
1600
694
750
3270
8490
3557
558
4471
7450
126
103
2196
318
1460
13
3024
8959
8797
2868
5796
2065
5656
4241
3981
5761
2935
1005
9664
7885
8385
4385
4103
1446
3195
8181
9340
193
7793
8303
406
4595
5717
2295
9499
5247
4436
152
9305
9452
5819
6774
7904
6454
4659
6762
6461
880
1378
5760
419
4426
9585
8316
3833
4367
1095
6172
2409
9615
7881
3910
4335
34
1600
4974
5907
6647
1029
1537
1610
8365
4221
8310
4154
6648
9437
2588
9826
445
4210
4222
7550
1714
383
1986
8905
2259
4448
3020
8932
1808
2081
4499
7893
6687
7225
9290
2399
4315
2286
635
7118
6464
925
6325
9272
5104
3126
2346
6883
269
5793
902
2525
3175
4286
4605
7785
9478
9794
6373
8226
9050
3528
5956
8034
5938
4433
8758
4320
2212
2906
7961
6778
3724
3399
3638
2955
2476
6301
7013
9733
2543
4271
5037
505
6033
7450
6496
4959
410
7452
221
3440
5262
6619
4765
3705
954
89
1445
3458
2966
9410
4425
8645
1909
5419
4291
8260
8296
8710
1879
3685
935
3420
9832
4443
6422
1601
3569
2466
591
8816
1909
835
6109
4889
9551
8762
1197
1826
348
3401
1986
9536
7174
8066
9823
1125
5589
7209
1772
6700
6955
1552
3224
1238
7740
9126
614
9903
