10000
1706
3393
1349
9623
7307
8312
8312
473
1201
8882
3024
7128
7121
7096
8279
9089
6210
1061
7841
8695
7882
5153
129
2237
1221
5264
3680
8306
3198
10000
7368
2659
2078
6276
9327
994
5673
2440
2780
2690
5067
5417
2946
7834
2986
5903
3340
3972
340
1694
4425
863
7199
368
6528
9335
9692
3672
1056
1084
7581
4611
6354
2668
4027
6985
2500
499
5241
8605
672
4084
3265
2075
1646
9052
9475
5996
3415
5360
7519
193
9440
2231
1102
9082
7957
8852
5053
3859
8807
7201
7709
8384
5018
1633
8912
8986
9220
8140
3896
2182
7056
8414
2304
2665
814
3498
9191
1533
2261
3331
3132
8394
6226
8299
132
3501
5914
465
2057
5569
4604
2319
1031
9045
3444
661
1801
2209
1567
1700
87
2966
2792
7630
6874
5451
4205
8830
9434
3233
7809
3571
5288
9059
4932
9851
6510
4519
4398
3405
6944
8133
2427
1797
2473
6790
7159
6025
6868
5183
1281
4416
4062
5845
2800
5492
2895
7430
6163
2163
8603
3629
512
9090
389
1091
6526
484
3030
5747
5018
324
4703
3952
9349
4962
7633
8571
9537
7713
9075
9949
4537
8576
1372
5059
5101
1177
760
9675
1224
9141
1733
5106
7191
6280
7220
703
1989
4424
7296
2976
9817
9886
8396
4179
3540
2151
8219
4077
7179
5406
2949
220
5238
37
6937
3865
7188
7005
550
6506
4191
7787
7330
7325
3237
1748
8858
15
10
6873
3320
1939
3519
575
2964
3285
5558
7032
8235
4817
9781
6838
920
6342
7414
843
2706
4157
1620
2205
729
4946
5054
8062
4606
2909
6341
5196
7998
5047
8707
8939
681
4726
4998
6883
8470
4485
7490
4962
7619
2697
7219
3823
4573
1938
1138
7029
4514
9074
8109
1249
5581
5737
974
6125
2195
4779
3163
6033
4459
8137
7580
5141
7267
3596
3792
5276
1902
8635
6840
4392
5356
6123
9607
2713
8626
230
6108
484
7049
3029
6099
2138
6851
2899
8531
9697
8183
3906
1060
6522
8034
5762
4453
5198
3762
613
4035
3047
1856
7468
4010
3891
875
5332
7955
9551
2421
9638
2251
3844
4401
5587
8275
2611
4174
8409
7109
965
894
1897
870
187
9432
5806
6216
158
2786
2631
187
5587
6186
8024
8482
1393
1278
2444
1401
7173
2350
7592
6232
1024
8837
2028
1841
501
8098
6094
4280
2293
3164
1542
6045
2542
4374
1978
9852
6503
8321
6868
4264
2934
7384
3953
765
2750
828
5931
1660
4784
5228
3229
6789
6328
9958
8371
138
3584
2298
7939
6549
5065
4108
9253
9537
3802
8981
2013
9605
300
8317
2503
5670
466
6992
2351
9940
1342
1819
9743
2976
4947
3760
2874
1979
1333
2839
7558
6380
2042
4559
7257
7571
782
359
7045
8845
8958
7897
46
7379
682
853
5590
1594
114
1407
5245
4761
5812
9799
7803
4928
8620
1770
3726
2677
8463
6021
6285
2694
1639
5401
2541
9547
7983
6135
1049
7618
1237
2639
1389
9268
5181
7160
3734
4493
3594
4496
8695
6280
8712
5595
5166
2460
4259
1620
4244
3284
7798
5850
1063
7077
6287
3290
4061
3637
9057
5712
6302
4796
4003
1
206
9467
5835
2554
7949
2720
1892
1986
5550
8549
6191
2260
3436
7725
5795
7504
3430
1429
2419
2509
4749
4196
4490
5186
8148
2773
3941
3159
9881
7133
6126
1417
3133
7780
5039
3237
2192
2761
7395
4258
1972
7498
3089
1830
4653
3134
4960
870
4873
1703
5810
1605
8524
6455
7174
4147
5007
6566
8630
3242
8693
8947
7523
8079
5013
6815
7829
5566
3223
3039
8273
1662
6570
8032
5482
1186
4697
3331
803
1233
7154
1682
4985
6681
681
268
8000
7726
7380
7638
1339
6464
8717
6078
655
815
1141
7950
1583
3507
4484
7979
95
5901
5338
4964
7144
6773
3971
270
707
7581
8165
4430
6716
9084
2733
8426
1677
4841
4962
7079
5827
4183
6232
7935
924
3652
5539
6334
9700
4261
399
3919
975
4030
3348
440
6329
28
6902
382
3067
5892
290
7840
9386
1574
2919
9906
6850
4995
5444
4614
499
7544
8245
7977
5922
1826
4608
9926
6735
7341
351
6479
6983
1446
2905
9961
5342
2290
3006
5520
1363
7453
189
492
4646
9161
6434
5637
1103
3470
9346
2025
4517
127
1778
4698
612
9136
6931
3347
9470
516
4115
8050
5219
1592
9937
4389
3668
8333
4752
4130
204
8540
4439
5607
9577
8752
249
6547
6831
7767
1283
6853
2748
9172
3055
398
7305
9574
8723
8136
6522
598
9538
7857
5079
5937
2383
6235
6374
8792
2857
7981
2206
7827
9184
4536
8663
9594
5113
8884
5561
7716
2664
309
4027
4664
7619
4842
3155
5984
330
1766
1430
1895
4259
3119
1838
5091
8333
7022
4282
5915
5065
5806
9289
6971
7144
1791
2339
7397
81
5442
2096
4461
1467
8224
6650
9189
1799
7319
2380
262
3168
7546
7949
6
9676
8558
9506
741
3958
3820
8225
2658
2405
293
714
2104
6678
5291
8858
7592
9660
5221
53
8351
4959
3278
9206
9531
2592
1673
3239
5424
5605
7020
808
6810
6440
4322
6349
4032
292
4864
7701
93
4988
8211
2256
5476
5687
9693
760
3845
7897
8555
1154
762
4089
3524
5526
9629
9573
2022
9884
7151
7875
7754
8894
1564
3702
944
7615
7120
5711
7357
5736
1404
981
8413
2073
2707
2785
9386
4428
4579
5588
5105
1581
3184
2453
8395
3022
8143
2171
8352
536
2994
9834
2343
8236
9220
1641
6615
2374
3689
3408
2347
6056
3748
7701
2150
5504
5197
9499
4176
9034
38
2477
5947
471
570
6504
3207
532
8265
7359
682
6768
7799
199
5045
5788
2855
9913
786
1320
8364
8977
3375
5594
2096
277
4184
2466
8117
3827
2608
8877
4800
944
6895
2879
7197
2164
6281
787
2136
654
8262
8270
7145
5916
3233
6759
7671
8709
4820
977
2762
5076
8243
5939
8530
5964
7850
9275
3102
4643
8107
5196
850
3096
9639
8454
4105
9865
378
2111
8866
6606
2209
8007
8168
6594
2292
9981
5876
6520
2066
1683
6586
5319
3825
5150
9347
4510
2717
1738
8793
8741
8835
9054
7276
56
266
8845
8344
3835
8865
2110
764
4241
5849
8655
3063
3431
7457
8547
8762
7640
4829
3970
2420
314
6513
3081
3366
5787
7039
7266
9524
9395
3017
3613
520
9761
3951
7333
2671
8747
3067
8410
909
2729
8436
9123
3810
4444
2774
5074
3504
6645
7520
1164
3244
5966
6767
3976
5679
7872
8305
6083
1025
787
6805
14
8592
2282
5791
5431
3869
2779
7676
9366
6216
6909
8497
1230
390
9106
7704
823
8825
2818
2680
6694
442
6657
8644
5652
5489
128
6830
555
3693
2891
7167
8278
3882
3680
6945
4659
8072
3264
9509
2481
7278
3161
9092
1935
8151
9948
1602
9987
8310
4228
5738
4932
3183
6933
790
3897
9625
4965
3160
2411
5485
2463
9524
7421
9637
8227
214
6744
3538
607
5391
762
8294
7423
7905
9026
4614
768
9514
3231
6579
2601
6517
2087
5659
1735
1310
5124
213
7301
8468
8465
238
3809
2574
1767
5126
2999
5038
2844
3290
6856
5270
3773
8221
6785
1417
2746
2978
9059
6160
5212
3795
3833
9895
7415
2469
3641
4091
1705
2259
8104
5464
8100
2666
3079
8261
4214
5162
1277
6382
9622
3888
186
6419
9709
8784
7410
4461
9428
6354
395
4483
3188
952
6191
5123
8873
4851
8748
1905
4517
9661
7809
7331
3509
7705
3180
3320
584
862
3258
3215
8407
109
609
2807
4758
5362
4666
8351
5072
9443
8573
2043
9933
893
1878
9306
4978
4246
947
6751
5412
7747
2707
9534
1703
439
8471
9740
3043
1656
7235
806
3232
4179
6187
4766
3772
3984
6398
5337
7471
7856
906
4641
7001
5610
5265
2186
6853
8906
4642
5256
6345
871
9763
6851
590
7398
543
2196
6274
9195
1657
3554
3055
2751
2633
2796
2901
1903
54
4068
2404
8674
1841
3681
6579
5012
1169
449
925
9865
4184
3550
8616
1035
1007
4880
2623
947
5082
6530
8313
1741
5767
6988
722
9481
860
720
6509
4426
8226
4929
9742
7786
4664
3145
9140
7788
9439
6565
4439
4845
4445
2487
291
5100
6946
7288
2724
9663
1474
2051
8095
6788
5553
2682
2121
4198
7651
9852
6883
4465
6797
426
6958
1682
2175
1910
6558
1893
5123
305
9296
1203
9320
6933
9069
9199
2731
6274
4954
195
7963
3826
2339
8136
9939
8252
2601
3023
9358
4237
3733
8488
978
3626
736
6385
556
7895
5925
6402
5023
9122
2550
9644
4200
7503
2485
4215
951
2341
6439
3598
5549
3531
3259
786
9128
168
4990
9747
6278
9361
7318
3076
1553
9821
7121
5001
3759
1781
9792
7476
5760
2067
7010
1203
1425
8099
2357
8552
8461
4709
2098
5764
7736
6399
1949
6763
2627
1755
8197
2227
3097
8911
5539
1232
6392
8001
3015
9196
1522
4628
2441
1740
6482
4374
9169
2636
5781
4759
6445
454
367
321
4540
5864
4948
9636
5528
7062
5309
440
7447
8662
7248
2231
5622
7718
9896
6515
1268
3418
3136
8237
2637
1904
4413
3556
370
5113
2504
9271
3739
6282
1945
2730
2812
5958
4189
8757
891
3845
6169
9165
7028
8320
1204
4524
8584
9527
8537
3368
8645
7712
2446
8856
8335
3520
5177
4388
5853
4771
4994
32
7842
2455
9899
8834
3532
45
7643
203
2919
485
5098
2211
4486
1282
8932
4834
5133
7507
2789
6104
1842
2657
6522
5585
4623
7510
9483
4373
4050
3947
360
939
3684
3864
5160
2326
7441
9514
9932
3629
717
8538
4002
4741
4849
5819
1687
7304
8550
5971
5402
288
8461
6841
3372
5127
1583
2913
8205
2926
5098
4022
374
4485
563
4751
8040
547
1520
6018
2824
9468
6805
7
9396
6485
8271
7061
173
1998
6622
3587
5383
3447
4234
3893
7894
6553
3152
4444
8331
3825
2243
5397
8606
6783
9049
5685
8316
6872
7736
8051
1836
1789
2847
6320
9531
430
8707
6826
4831
4574
8577
7197
3065
2957
4902
9432
8798
2695
1954
7928
6135
1457
4996
3602
118
7255
8402
5101
4183
1245
7333
9836
3619
6548
9679
1005
1921
6743
9408
1439
2577
6378
3892
6450
379
8039
9411
2607
9603
9365
9512
7255
5964
7018
6864
1621
74
8695
2340
6158
964
4461
7260
180
4358
5263
1335
238
4319
7308
5821
5902
583
7250
7121
3221
3983
6841
7831
6373
7541
6673
1921
6716
6496
2449
9152
1538
1109
754
1306
7667
1635
1741
3035
9801
2991
350
1307
5550
2778
2008
4457
4950
8840
6019
1439
9955
9571
2481
5265
3907
4393
1055
2973
9974
1452
2909
7663
6960
8352
6770
1136
5258
2426
7390
5125
3749
9028
2963
4549
9478
1372
6000
5138
804
6571
9296
4829
1760
4821
4031
9048
1563
5877
5100
5239
389
8362
7040
1918
7421
5698
5587
5452
7828
6652
5306
7102
597
4358
7409
6483
7203
7736
9487
8117
5725
4833
3343
8178
8078
3730
8794
5739
2137
2434
7910
4269
6423
1706
9602
4809
5987
4691
1534
6834
650
6210
5752
113
3624
7065
9309
7905
7636
8993
1810
7443
2525
615
9568
2755
9350
9289
2548
9144
1182
8129
2816
7001
369
4154
8520
4108
2977
2564
278
7056
9183
1008
9703
3044
760
9601
4957
752
3588
1555
3913
4568
8442
6654
8366
5269
2377
8923
1440
8006
7314
1073
4090
6109
7178
6958
1456
1093
9386
260
8630
8729
9366
4994
8120
6373
8112
1083
9696
8509
2012
9626
6706
599
4092
7328
37
4514
5327
6238
4990
4646
7135
1
2569
3335
6833
7700
3074
106
3510
8279
3657
7565
6182
3399
3502
2119
874
6962
5383
4946
1630
4297
1779
6117
1219
4310
2970
6361
4836
7711
5152
5319
1862
3963
4329
9738
9789
8053
8744
7658
6753
4647
5334
2590
5109
4086
9097
9444
8669
8230
1713
7046
4401
5883
6477
4904
1365
681
5698
3448
4144
1054
8811
8299
5785
3203
9914
873
2299
7971
3937
9874
192
4705
9909
9099
8062
6706
1594
4656
725
3417
4215
9411
7418
2156
3077
3730
468
780
4562
6322
6398
6733
2024
3148
3815
2715
5274
6124
625
5950
644
9858
8832
119
5959
3898
9880
5554
8761
8828
8824
563
9404
7598
7549
3715
3162
236
2197
800
5047
8672
6858
3895
1198
996
5366
4782
5366
8513
1708
6559
4725
6181
6237
1310
8459
4875
551
8662
8744
5147
6678
6193
2691
6349
8316
8049
8234
9816
5504
6284
816
855
445
7234
594
6964
7207
7689
2836
6194
3512
182
3362
9974
6162
452
1892
3116
501
4145
1382
5035
8477
9677
4362
4898
8902
1535
8142
2215
2614
256
4824
3492
6129
1452
3189
6302
9434
6844
650
7084
2977
3644
1022
5722
1619
2693
3985
5464
4782
2594
3206
2346
8318
6678
4199
3937
9786
7586
4079
3204
8187
1503
1932
8714
6538
5446
3853
4278
7051
845
5099
424
2770
3923
2507
1099
6246
1197
9942
5858
9656
8533
567
9332
9603
4149
6402
509
4194
6962
9677
6883
5060
567
7936
7892
4027
8605
3337
3811
7344
8937
6147
5009
3255
2711
5772
7077
9402
60
5572
9562
471
1549
1890
2195
541
2866
5603
6535
5165
1828
3803
9233
2875
4402
5379
7279
7600
6352
7384
342
5881
8498
6624
5396
5374
316
3421
3305
5592
6799
9487
1742
7850
767
9133
9559
4314
5641
9606
1818
4807
4819
4075
9778
915
459
2171
814
6771
9624
3964
1912
1990
1290
8125
5260
4768
9855
9143
112
1304
7307
5744
6970
9291
2332
5981
3918
5700
9455
1534
6245
5076
4891
6895
5941
1541
5921
3321
3706
8530
7336
4048
3935
8483
4454
4310
3535
4159
573
7135
1752
5363
2614
2045
1123
9924
3242
6026
1118
3547
7826
6485
2718
2841
7013
7713
6950
6067
9176
7335
9040
5804
1183
3755
3983
5177
9399
9535
3231
5613
5338
8174
2781
2391
5567
7002
2747
5971
8602
4422
7321
7798
7204
3344
7112
5817
7645
1325
972
5948
5136
404
9801
7925
8525
8468
1239
4247
3384
1052
8273
938
6116
3734
2756
6975
7597
3199
232
9078
9635
2987
99
9742
3652
1589
4295
3320
9988
3034
9452
4502
3782
9996
5445
4824
1353
143
2735
3466
5163
7352
6734
2234
7280
6980
1774
9762
728
427
4604
1684
719
8744
1467
9957
6809
2025
6723
2827
5071
9255
9032
1443
5472
1016
326
2239
6274
6599
2923
2008
2432
2398
3354
795
857
2377
4519
7772
7617
5769
9814
4109
9333
7494
7937
3470
6198
9815
3469
1173
3545
809
6326
6057
8613
5156
317
8446
6698
1183
8553
1852
5360
3509
2129
2305
6773
2250
1117
6441
1169
1436
8151
197
6237
2318
934
5907
6943
2863
8667
5502
6716
262
8608
7923
8196
5164
9691
9017
5384
1510
3614
192
5260
3967
3599
3995
4777
8547
4577
3782
2866
9922
2900
8064
5034
5455
1235
3650
6892
8942
7225
4594
7564
2548
6926
1992
9027
8637
6155
8598
7283
3309
4971
5765
6529
6447
1111
575
2488
1052
8189
7044
4443
3264
5006
141
5484
244
5064
2996
6418
116
9437
1873
9752
3122
7240
3948
4584
7769
3060
7148
300
4294
5165
1402
8606
871
6888
202
7873
602
9619
1439
4917
3012
3598
367
31
5157
8541
7285
1916
7227
5331
2825
4313
2741
406
1911
7874
4689
9595
9985
2914
1445
9950
6583
2247
448
6298
9624
5918
8594
5785
1581
8650
3675
2852
159
8710
952
4804
1756
9531
2149
2129
1326
5510
2340
7693
1907
6749
7751
9104
2319
9172
5841
3475
7978
1898
3384
7911
1505
4291
1232
5940
2263
8940
348
8854
3900
2548
36
2599
976
4302
1838
6595
323
4321
9673
3478
3
8640
576
7818
6270
7301
9790
627
3927
3450
3596
5427
7969
5320
2926
7614
2037
3037
1533
4372
6225
349
9920
6840
9251
2441
7172
3513
1407
184
3654
6732
7780
9892
3163
2287
4398
8513
3501
6259
4664
3617
9738
4109
2728
8004
193
7684
4754
993
5418
8448
7458
9068
8998
4675
8094
3907
5277
2732
1933
6084
9812
4827
4764
3709
9503
6068
2809
1811
1400
961
545
9730
3580
9695
1463
4805
7891
3715
1840
3872
5074
8754
1276
8656
9110
2697
7272
7187
6592
736
9962
840
2710
5043
3998
5551
8916
5255
6822
5375
1970
9146
7834
346
468
779
5961
7334
1443
4117
6448
7256
9073
1634
1597
9898
2582
660
6129
5787
4215
7757
7243
4305
9363
1350
3053
2130
8468
3486
1832
9594
5805
6710
6163
7927
9335
1927
6136
6753
4835
1894
6528
3367
2180
7492
2489
5456
8109
8698
2483
6447
6938
6730
8193
1416
234
5952
1849
5497
7485
4366
5304
7712
3474
7750
5025
689
1882
8576
967
2021
7691
1258
4813
3254
90
4892
186
5396
4266
3909
5848
6424
3512
4829
6981
9508
6703
609
1564
2155
4627
7525
2440
8148
8742
382
2699
653
3927
1888
4437
7220
7363
9735
8317
541
6287
6302
9875
3185
5413
3115
5380
6532
8145
8294
5913
8918
3264
5824
9623
5096
834
2981
1271
129
9910
6686
5650
9128
8459
5685
5967
4701
112
2629
2021
6878
6834
5040
775
2809
5560
4534
6106
6811
2740
5852
5058
9055
6151
2533
7204
9716
5920
7534
6749
1608
1745
6956
1580
372
7937
5624
5851
3512
8191
8101
2974
960
1455
4062
152
5055
3787
2532
6374
5648
3181
4785
5864
6611
1313
7290
2640
7940
5823
6635
4848
135
57
5541
1710
6895
5413
936
6945
9525
7205
5327
1572
3576
3382
3548
9467
7829
3167
2397
1820
9127
1029
3860
215
1493
2884
2092
8646
1255
5699
1558
298
958
7899
6039
3366
3664
5059
9507
6996
5346
2204
3013
2193
1292
754
8500
1984
3005
9006
4401
4647
6953
7759
2480
8713
1168
6908
5429
4137
2
7840
8017
9133
4121
8345
3606
9129
4770
1205
2661
8554
6675
1704
6164
2717
7004
6285
5772
3436
9684
367
7570
7921
4182
5674
3232
231
1159
307
8127
8113
6835
132
3538
3843
196
5557
6309
1304
2701
2842
2851
3674
1251
7664
4483
4437
7573
6812
7573
9319
3067
4433
3804
1933
8576
2344
6614
7320
1120
1874
6581
2328
436
1674
9125
6618
8947
4531
497
6057
5750
537
796
2827
3998
8816
8004
7707
6283
1630
2468
6477
1954
4791
6952
3183
7978
6993
8556
9689
4016
948
8041
2951
9591
8769
2150
7950
9957
8710
1592
8138
1971
2942
5007
3005
2878
3101
258
8814
1680
7296
130
1255
5738
7832
387
2859
8559
9995
157
8920
190
9319
7939
8624
3839
7410
2910
5827
7508
8362
8292
9005
9222
1422
1866
5855
9792
4996
6893
337
944
4435
7367
275
8929
4610
6813
7163
9842
2514
7575
1129
4458
3936
3197
2901
1402
3334
2844
798
1678
396
2152
3339
5540
4729
7756
1229
6561
2030
4115
595
4604
1830
3491
3994
5442
2511
6495
4319
318
2993
5065
667
826
3323
5252
6309
5256
7321
8114
4389
5686
8957
4530
512
7269
8746
2077
289
1060
4212
8496
2888
3970
7616
283
6689
80
5291
7598
1916
9228
3467
7078
1339
9374
8664
2073
5694
181
7018
6228
7535
7713
2213
2745
9774
3562
7528
2542
3354
1284
7554
7401
4033
9393
8411
8674
8768
604
3354
1307
3134
6300
5320
8407
4111
5714
8821
6142
7139
6547
3525
3859
4246
9773
912
8927
8363
6063
4462
9460
8393
8697
4289
6808
5501
5168
9062
3388
292
5734
5378
6379
6170
3249
6425
9727
201
8947
7009
1625
2045
6975
3285
161
235
2537
8240
89
3965
9552
3955
7377
5280
4375
4491
8202
4269
2050
7499
2590
9412
4217
2538
1751
252
4751
1169
6029
8969
1227
7806
4855
8766
1082
2110
5825
5236
3796
9314
9821
3375
1059
2111
376
352
3017
1841
8672
7649
8892
203
7120
5052
9887
839
4842
1641
7335
9600
1642
2708
4338
860
2631
9860
7431
7087
748
9099
4272
6400
4047
6026
7018
6993
4870
1595
1051
496
5361
9813
5853
6989
8037
8028
423
3770
507
3871
4608
5296
9429
3716
5853
3408
7952
5098
6206
1319
8043
9855
8593
1851
2598
9296
2208
6131
6617
1520
6489
8718
2052
9134
9646
10
1788
6410
254
5861
8401
5904
4152
9376
9243
3909
8991
1018
6386
7844
9139
6622
6645
6442
4175
1131
1747
2824
1790
61
9855
5267
1870
2797
3499
7077
3
6646
1415
1672
4405
2111
3146
835
2425
4949
3363
3435
1895
8922
566
2591
946
2524
7278
7140
4253
3171
2586
1650
4339
6856
1853
5595
6274
7252
2742
1165
8019
9157
250
6634
8668
7149
2036
7089
6721
9129
14
2593
1250
3004
2901
9363
5677
4826
7664
3721
244
1130
9538
3104
3822
8928
9510
3822
5084
2690
6313
6810
6619
7776
7104
2476
3865
3695
5543
1786
2028
7809
5580
8682
9114
9228
6317
4425
1552
5253
7439
2709
9099
3652
6848
25
2198
1014
5753
6448
1160
4198
7150
9563
6195
9913
8301
7218
878
1995
9157
9418
9335
4045
215
266
7721
312
2044
8702
2558
4569
5841
652
4504
8770
7156
3337
7676
5946
2239
5527
8742
2586
7815
2112
1695
4197
4434
2541
4106
7429
1215
5197
7832
7459
4963
7595
4407
5578
9144
9749
5205
5022
5866
3928
8247
3263
6158
1437
3462
8105
6042
4332
1671
8622
1613
1183
1678
7339
5821
5221
6534
4194
3521
6253
1192
4094
2958
7774
1452
2356
883
8251
2845
559
8593
4202
3398
6621
6536
1809
7975
9590
669
4067
7687
4766
4805
1526
1464
3670
9652
6313
24
9626
7715
1977
3787
5716
4906
7436
4689
6203
8115
3739
4853
3736
1306
3987
5314
5870
4827
1467
5757
6495
3230
8726
4476
3533
8486
4119
5621
7751
4206
3580
1426
3614
460
6785
3070
3130
8669
2212
6344
2211
2787
1469
4076
1173
5439
263
164
6955
626
3570
1359
1012
7326
8291
8487
5923
91
9752
3306
7595
8919
2505
9965
1307
3075
5583
3159
2923
1391
1018
642
430
1316
1153
6850
500
1618
9733
9920
2112
8161
5660
2765
2329
468
2156
7343
1845
1531
5612
8715
1863
31
3213
2262
5083
5547
5879
6825
4303
6419
7204
8802
1778
5205
8491
333
7047
6699
4475
4676
3250
2168
6713
9034
2600
1594
3610
5650
5355
2901
7207
43
1424
4112
2002
4229
5473
2096
1277
5107
594
3317
5533
8275
1930
7298
2330
2940
6857
1825
2490
4211
847
2740
6582
4251
3134
7727
9736
9617
3355
1951
4225
9833
9058
2928
8644
6178
7520
3156
1070
5512
4169
2099
7823
1120
116
4014
6348
5278
826
4506
6788
402
5344
2061
6095
7836
1529
6942
1963
6386
7508
3198
1006
2702
2856
2870
5117
9765
2137
5447
6499
6966
8396
9782
6041
6829
3894
8498
5946
787
9432
2082
1228
8971
5915
6674
9985
5521
4085
1016
4763
480
1539
786
3243
8204
5969
2832
8580
3854
749
1737
3661
7999
6752
8682
3615
7189
5320
4339
7480
7949
7970
1712
9677
135
958
947
9758
4825
6726
466
9880
132
742
3578
9512
9588
8044
3516
6063
5625
4758
1073
8326
7753
2285
4103
6098
4389
8476
5164
3228
6803
4660
5089
1258
2579
1707
9880
9346
3359
6678
1102
5456
4255
3903
8157
5215
4369
9212
3899
7043
4645
1089
2936
9951
5280
1409
92
2699
7797
5301
3109
2861
3011
7633
2171
2273
2711
9871
4210
868
775
8617
5060
1753
2142
1823
1186
3967
8173
577
2922
2898
1873
8362
458
319
1946
6771
6383
8860
834
8114
3084
5778
7418
1104
594
7846
1030
7610
3017
1673
6688
9338
7876
5708
3252
7441
6064
6585
4575
7076
7151
4953
4619
1203
1557
4537
885
5832
3752
6848
1669
6598
5788
3102
1795
6663
213
2189
8437
1993
923
2042
7843
2062
3580
2225
9741
8839
6578
4585
2353
3192
3157
35
9384
9184
7647
2958
2883
2421
4488
8201
7844
6411
3189
9527
7684
6978
8792
9273
4191
6366
3235
9879
8649
2603
2453
1856
7973
8432
2518
1913
4654
1696
9470
79
7017
251
2660
4188
8025
4578
3083
375
2307
5566
8761
8032
3166
7163
750
5758
612
695
8435
1782
4981
9455
426
2529
1793
7062
838
3213
4816
740
4034
825
7716
8349
5808
8432
3639
1013
8537
9485
5285
6281
3704
8462
3156
529
6125
3077
7056
3026
2068
4539
7212
4126
5564
2276
9229
7729
3910
9479
241
1754
2343
8844
6945
8171
6585
173
1231
7720
9895
4490
2866
8743
6983
551
1751
1269
5308
4588
7278
1126
9988
8666
4445
8138
6022
9255
2051
8628
3244
2797
458
279
7200
6014
2197
9586
3688
1142
7705
6692
3558
95
8264
7057
3821
4021
1249
7686
5607
4328
4923
686
7472
4530
251
760
9037
9261
3954
4499
6357
9185
6812
7617
5396
2569
6094
7713
5578
1141
4316
2014
2900
2791
5655
7571
8861
3737
4375
1763
1356
4750
1695
892
3194
7369
4220
1375
4931
3508
5115
7372
8684
3264
8748
8621
2933
2993
7933
1112
5441
5548
8313
6748
5606
5780
9932
9347
2817
1182
4032
2333
1314
4446
8042
7904
988
353
39
384
5021
9812
4471
2826
1090
8544
9759
3874
3548
9291
8524
802
1554
6667
7493
3717
4353
6937
6463
8959
5113
9907
7681
2920
5713
790
2623
7925
2893
1708
7192
9080
4792
7342
2546
6374
6618
8417
7114
9636
14
4740
5954
1798
4481
3869
6543
4122
7987
9310
6074
6648
8170
3462
3306
5717
5935
2638
2656
1107
7014
6762
6638
8411
1269
7220
4671
3517
9925
1062
6453
8656
8037
2828
7418
5659
1659
1852
9570
9572
4957
5970
5469
5214
276
3532
3007
7284
3519
7572
1948
48
1972
1182
2750
7756
7911
445
9130
7789
871
8706
9048
2227
7211
6926
9802
7063
3506
275
8374
186
5408
3823
6803
7522
3204
5325
1436
2541
4260
6112
9505
4660
775
1595
297
986
502
2438
1959
8314
5034
939
9385
5585
2769
4197
8724
6766
7801
3865
5314
3068
8784
2903
7212
6622
5078
6191
7367
9409
8072
7190
223
7474
8292
6464
2839
4584
4575
7696
432
6103
8187
3406
8269
8789
8609
3690
3705
3087
1711
3648
7922
3582
7309
4383
8135
9545
9460
9631
3720
8819
910
9964
5602
3705
3956
46
8207
6726
6220
3190
6896
8039
413
672
4772
3386
4651
2062
2920
5115
7386
9640
193
3254
9070
7620
2503
3913
649
5580
3138
7052
7337
5773
7972
5854
4234
9506
7952
3050
307
4984
3356
1250
2584
8377
7531
668
8406
4285
5615
2361
4617
9638
2738
4430
9403
384
7039
4876
4912
5506
6506
8509
9586
5318
1645
5960
9496
5874
8065
5535
3601
1218
3656
1869
3309
2815
990
7258
4846
3073
837
6356
9413
6142
6574
6911
7718
864
6875
4449
5661
3496
633
8267
2923
8991
7699
5738
9600
9703
7465
4426
9215
1735
1515
2070
6521
7761
76
8593
452
6251
4634
4084
2104
6696
9660
9269
1418
2230
7562
9069
2530
9249
8508
1853
5364
6733
589
2111
2810
7467
9459
478
2212
3620
9721
8393
4283
3649
4704
6262
8070
4117
415
789
1306
6759
7699
917
8767
3224
6701
2101
7807
420
3432
375
8940
8569
2527
7809
5783
2802
5818
9045
3199
9115
2540
579
1316
2159
667
4289
2796
2561
3816
5159
8363
705
6808
2787
1811
3873
9262
7697
2429
3413
1863
8983
8127
8884
7411
3864
8595
2376
8970
3438
8116
2480
9965
1172
9260
9418
2715
8515
9154
5073
1470
4217
7458
5021
9227
4446
4851
5575
5551
9685
7126
6572
4307
188
8268
1731
9157
8315
5809
5317
7430
3915
128
4566
7834
4888
8699
3116
5962
664
3955
7050
3670
5888
6637
2370
9381
7706
9837
3726
347
2953
7396
408
5644
3008
7739
4522
7304
1675
8525
2555
6437
3764
5796
510
4428
63
4755
6933
7277
4548
9998
7205
202
6739
154
7954
6068
372
2257
2683
3760
7184
1105
2581
257
4047
6325
5985
4953
8704
9160
7117
4691
6179
7824
6843
8723
5971
5520
3673
4472
6761
8522
6946
6348
3923
5340
968
3909
1215
3952
1494
7368
1049
2944
433
6908
6604
4442
9411
1275
664
1081
7289
6254
9769
6001
7164
9307
5764
5065
9451
5000
749
3652
8482
8221
3980
3162
9937
9393
4970
4587
6682
236
8417
8901
6399
8843
3289
3237
7603
53
4491
3128
9432
8885
120
9902
9978
6335
8306
3135
3827
2631
9214
2559
5028
7460
855
8305
1232
4814
3893
8940
3869
5445
3837
3823
2329
1243
9053
3384
3941
5791
7614
6820
6970
2155
3178
1810
918
7676
3582
7783
2828
4551
1120
605
6160
7315
9274
8925
3738
1770
1326
7048
3272
6284
7278
7677
9528
2004
9344
6304
1499
3524
4168
7640
5227
7732
2287
961
5641
6538
6168
9629
426
7371
7849
9079
9373
6877
4941
6281
1891
9462
2794
4118
7902
7701
4129
3940
5191
9016
9301
5087
882
1512
3132
5134
3487
9004
5258
2281
2376
3197
8374
3832
7720
8395
3677
9579
8161
5298
4174
7687
9442
661
5902
6003
1581
7492
1392
1817
9154
3774
6340
9285
4276
562
9890
4447
6109
8461
4119
1406
4507
7212
1838
7696
1633
7430
9336
6954
3729
6845
6194
9607
7182
6599
3995
4065
9864
5845
8699
4265
7461
4084
8454
809
6923
8778
6967
1073
5092
6811
1452
2795
2123
3292
6759
232
749
5870
5903
6974
5431
8998
6129
9511
1734
2505
5232
317
1201
7745
8861
8454
1030
8455
8243
2095
8832
6318
1390
7961
3366
2544
1164
5085
5838
2203
8033
10
5266
9732
5112
8592
2283
6240
8294
4448
2762
8017
5622
6765
1492
7777
5433
5431
2585
9396
8834
9921
8127
5898
4600
5405
2780
2364
3723
7900
6575
956
4872
4400
8552
1254
5613
2852
754
1671
227
6701
4208
4835
4446
4007
8873
6317
2061
7266
3940
3678
553
1417
4377
8033
806
179
1308
1922
7479
8955
3505
2903
1959
6863
550
1774
1905
538
4990
7484
4642
5127
6028
4609
5258
4705
7609
4522
437
2274
7138
5797
5916
4838
3425
7995
9311
173
5416
6725
4238
6124
1884
1721
9222
1279
6522
4183
1422
8952
9033
5503
5299
8823
633
8942
8436
5324
7543
307
3186
9142
8614
5880
7685
6013
4831
5917
6658
6723
6907
7059
3864
7499
5691
9080
9351
5887
813
9134
9286
2148
7876
458
6259
8986
5577
7848
5838
9476
8727
2497
3468
8227
3219
346
7866
7660
1953
3576
1157
7946
8987
8377
1700
5353
8245
1835
8854
6747
7899
3425
8092
5856
263
7548
8857
1688
9697
1596
7890
5339
4160
3446
9932
4147
9018
926
2772
848
6008
6058
9112
9016
3367
2030
3944
9926
5898
3542
9245
8514
2274
7497
2864
1966
59
2509
6873
4974
9008
1754
5419
3558
6207
4926
5787
3314
8099
2033
6446
2570
1164
9
5284
9854
4278
7212
2393
5323
6064
1373
1463
5269
698
8635
5902
4568
3113
7995
7676
3340
1062
8982
237
8284
4358
243
1196
9916
1870
6653
8722
6482
9397
6403
6874
6115
2707
9546
1597
2929
2983
1855
802
6196
5967
6819
4920
7337
1417
2368
73
2718
2257
6656
7190
1235
3305
2274
8439
2012
9008
355
4148
8835
3022
7726
6025
4527
5831
8053
2943
3871
1043
7582
8759
771
1261
9096
6557
5914
6919
2574
7408
3722
7685
4903
5270
941
537
6596
2060
9747
2197
1248
6820
7834
7286
1680
8277
4896
6783
800
152
1490
2770
1081
2294
3289
6614
5243
7504
5092
7666
6232
7042
7410
5247
3652
1324
2209
6290
1724
4661
9498
5144
7319
7392
9786
7658
826
926
2866
3188
237
3926
2843
2534
4034
9122
1432
1258
9381
610
2334
6257
9404
549
5632
2617
8046
8660
3041
5372
3414
1292
4403
9173
8872
9966
6777
1106
9406
2941
7458
3310
9710
1429
8057
8096
1981
4791
9482
5846
9787
4070
8704
1675
2921
2718
5432
412
9835
5636
725
6183
6362
4223
3201
5057
6146
2154
895
4103
656
4455
5147
8647
4658
9531
4062
5223
5485
5262
5092
736
3832
4437
4382
5813
1328
8083
1387
8866
4169
7526
3327
6830
9768
7024
7492
9180
9525
3226
3537
2505
4212
4796
5523
463
1652
6320
3824
9415
3086
5049
3510
2165
7111
9042
1392
5604
7246
8265
2946
2420
4500
4306
546
1866
7638
2096
8094
8604
334
2780
2268
8713
7224
9520
5053
2693
5685
8290
6676
2640
6708
192
9283
5498
5777
5111
3916
6287
1686
6605
3523
4318
9386
5530
3963
1896
1728
9987
5436
1794
7181
5542
9855
9475
5594
5764
741
9615
1842
1745
6266
8775
622
5904
8546
8586
2949
2795
4998
7067
8348
946
6403
6614
7627
5685
2326
743
453
1666
3439
8469
1328
7430
1366
3481
4106
5520
7297
6260
3909
5616
8778
7188
8501
6500
9915
5201
8379
8665
2298
5070
5690
4701
163
445
6783
1336
9499
8993
9334
4304
7671
7531
2933
3964
4146
2580
7644
3657
1816
9043
2100
4183
4302
4438
7032
1361
7007
749
7195
9809
2292
3172
2245
9317
4223
6280
1523
1553
2172
7162
2996
2179
7105
2149
2261
369
6962
8761
2337
8789
4858
5928
2252
8284
1415
4320
5039
3545
3349
365
7779
2442
1631
289
6424
9101
2291
3385
8018
547
3748
7228
3877
5958
1587
6880
9791
2671
4089
7481
4107
3194
9822
1319
4658
8249
7037
43
8345
5596
1634
5645
2341
765
8675
6544
8085
9033
5553
6864
9122
3216
5496
6935
8065
9652
3031
6323
4289
7257
8595
2586
4846
4188
4520
4314
3426
7711
1718
2009
6712
2443
3435
1456
7474
4991
20
3939
3550
3750
645
5230
1368
7279
5220
1625
5169
9690
8696
903
6605
5502
8549
3074
4573
7416
4295
7782
1396
1034
8237
6037
2421
1188
4171
3738
2492
9886
2552
3141
9103
6031
9848
9195
8667
5104
9709
2728
1214
8247
4926
4746
3695
922
2960
255
8381
5347
7995
1659
4526
9756
4568
7741
4387
8581
770
6507
6338
5638
7097
2482
6128
9180
1755
6076
4097
5594
8815
1102
4596
1266
3674
5206
6598
3932
2171
8596
9995
4339
2697
2840
1500
8940
426
3843
6340
7405
2580
3342
5504
6108
8095
7013
3448
4584
5435
8919
7253
9856
9818
4013
9108
6755
6095
1257
5102
9992
5972
9107
3850
8085
5674
7817
287
2442
3098
7988
5378
7809
7059
8140
5871
4584
7471
7130
3124
5306
4612
4037
7857
9460
7858
3341
2159
9636
8407
2027
5531
1912
6654
7549
9179
1247
7690
6251
3841
4735
6052
2116
1787
6094
2641
856
3656
9370
3585
9973
5303
6535
3901
2096
9060
2770
2070
5975
2467
3116
5756
5525
7070
5784
2617
723
6346
9695
5504
6918
5584
9983
5032
5979
5286
5715
3533
9076
1084
3802
4816
535
5573
9603
8117
6921
3069
7059
7893
1350
9543
3883
5159
4230
7536
9250
473
6590
1681
3166
7120
2206
8292
9819
8653
354
5600
4815
2725
609
5699
1844
4404
6749
8691
4345
1514
7832
3090
2261
9184
8600
9211
6849
2456
1961
6841
8884
3086
8955
7379
1154
8456
5230
3114
3996
7182
3990
5613
3781
3287
467
5232
625
3455
8592
3487
6758
1857
7389
1046
9422
9420
8647
2262
9658
7053
2322
6235
1787
8185
2676
4151
2131
316
3004
2049
5038
7678
6103
5293
2335
2383
2180
4131
5513
3808
6853
4196
9263
2179
1818
4536
1035
6161
3385
7781
6678
9439
3758
7494
6139
6194
7128
7208
4932
520
2067
4020
6614
4954
6917
6674
1351
2977
3486
7967
5446
4562
7804
9445
2968
8676
9168
2191
3980
4483
703
5986
7980
8952
3737
8793
3107
4307
3641
4537
6102
1456
21
3428
8318
4089
9602
7827
5053
3617
4332
9155
4009
7157
8866
4694
501
7504
6407
6602
5885
6186
1063
9663
1835
360
2631
5783
6821
6452
4841
2772
8482
1369
7581
6368
7910
7237
7083
5707
1924
5978
1848
2995
3930
9553
9015
7246
5514
6743
8316
6245
7838
3452
253
7277
7885
7619
7570
365
6808
9569
4721
6058
4800
9579
4458
2265
2946
5247
7686
832
7782
9564
3924
7513
2132
8690
6471
4747
3225
8364
3614
1492
208
5883
2125
1174
80
37
2497
9502
2015
7906
9214
3878
1105
9285
786
4968
2186
2018
10000
4537
4504
2150
6306
5038
3547
1240
1505
2893
2464
5216
6922
448
2618
2256
328
6507
5735
7262
8928
6110
3421
7828
1189
7727
7795
8553
6035
2593
5826
1563
9685
9307
7120
7533
3564
7176
6999
5526
7510
4982
3637
5401
3809
4108
6380
7751
1148
301
8389
7735
8096
5246
2570
8397
1928
2534
1865
4258
6576
3864
8360
3042
9327
7123
8052
4103
569
2447
5037
907
6947
8958
737
7849
4969
908
1897
8162
4338
5725
6641
859
3077
3639
850
6390
5743
4550
663
1778
9356
3942
9831
2649
613
2249
42
6416
9904
2052
2296
8994
4677
3101
8874
8100
1847
8231
3374
2624
817
3534
5369
8187
2589
4596
2568
4633
5944
3537
3515
4840
1736
2215
6741
7839
3744
2601
7012
1049
586
2269
8152
943
1670
9633
7697
9508
552
6695
5211
3676
478
1672
4969
233
8667
2945
6193
4462
1868
4758
7058
5659
2594
110
4984
1255
2801
2457
1782
5984
7574
8939
5382
1775
6133
6337
8516
3273
4624
8045
3563
7474
8914
5975
9643
8453
9046
2686
5342
3855
5343
6049
1537
1226
4255
7284
1285
2518
4704
8303
6759
4478
1460
6593
2355
5051
7880
9693
1383
274
157
1278
5360
1630
1702
7372
7296
6291
702
652
9165
900
9458
9587
3633
2728
6228
9166
105
86
168
8996
3394
518
824
6633
709
5573
2828
5588
5048
9645
6078
9624
2775
3744
6878
7156
7927
2060
526
9986
511
8851
4337
9985
7210
1310
4880
1232
8267
6988
1707
445
5477
9292
7260
7074
5964
6498
5732
1721
1568
7314
5610
5689
7677
4589
502
9744
4442
4204
4276
4635
1061
1179
4304
6024
1244
1961
8200
215
3773
9983
8325
1909
6511
7277
358
6820
2082
1166
9723
6295
4867
4795
5329
3406
5837
4958
3970
2930
5307
4483
2405
9971
4055
7184
8752
4055
1345
8326
5865
1401
6768
1091
525
1240
8812
5837
7755
8170
4349
250
3520
9974
989
9165
8538
6079
8197
9301
6107
5470
8888
5167
6102
7836
4125
2581
6148
1031
8865
2035
7058
3921
4428
6631
501
1330
5883
6515
764
7996
6318
6578
6650
5649
4363
9935
8065
7818
1225
8837
1119
4653
9640
1177
1420
1424
6636
3577
1898
5305
7754
9953
2818
4604
1234
5066
377
81
629
2332
6406
6561
7309
8417
7339
7388
6740
7146
1766
1930
8642
3423
8020
9997
6627
8866
7736
9858
7292
3340
3558
5994
8922
6419
8548
8159
9286
4326
5971
4918
507
4405
2762
7847
770
5899
6874
2980
469
6809
152
6139
9090
2052
5606
5078
3140
1177
6242
4326
224
1572
1276
3130
6537
2839
3956
5457
6968
1154
116
956
9954
2955
4964
8698
9252
2169
3603
1070
8141
9251
9933
8400
4350
7265
8986
3554
7214
3441
1067
4078
9944
8441
9107
7704
7214
7510
4803
1822
6473
4099
2196
2148
9814
2570
9406
2003
7319
9842
1499
3082
9485
9561
7888
5910
5326
4331
580
9849
2495
7225
3538
4162
1595
4117
6666
1025
244
3361
2291
9733
4813
3890
1361
6904
1481
265
8322
2521
4013
8228
7886
2917
8346
1036
847
6153
6711
1599
6339
6159
7847
6690
1407
7483
7469
7121
8691
5091
5174
7756
4028
5318
7669
4547
4482
7708
8720
2444
5330
1983
2905
7550
2878
7567
8093
6323
4329
5929
3366
9428
1201
4346
1265
5429
5546
37
875
8299
7021
1081
8163
3345
875
2109
3221
4146
2550
4844
7706
175
1889
6333
233
167
8049
2498
1772
4118
8794
8350
3469
942
4808
7600
6014
748
1936
5617
5157
2043
4584
6052
2527
1201
7066
815
4944
6718
3116
2509
5824
3008
7343
5622
8239
2919
9621
4477
8801
1482
3581
7673
2639
3534
9494
3617
9442
8029
3775
7274
9074
9032
4348
2842
542
7436
8768
6716
1597
7170
2623
3327
6186
1961
8464
4500
2828
5979
9776
5983
5787
4600
9113
7695
3750
3641
8602
5847
5593
1306
516
6033
7973
3378
5975
4708
2846
6532
8909
9769
8702
9924
7417
6759
2012
361
8442
2256
2081
6932
705
6534
6123
7753
6291
393
7551
9402
526
2538
4981
5588
3109
3966
5023
6618
952
6180
7677
420
7111
5845
8992
6759
9130
6722
4717
9978
4608
3765
9082
738
2591
7971
5224
1546
558
6052
8889
8902
9552
5490
1749
1450
6499
5114
5833
7068
3608
7133
8117
9665
7736
5787
5294
791
4785
561
2635
2501
6070
1066
9156
7060
6003
1933
224
1078
3777
462
6213
4368
4625
2667
2544
3694
6650
8567
5761
4658
8229
7788
4871
5627
6556
1505
8817
1800
1054
2327
1602
7830
3812
8985
6971
5459
2618
7853
1224
4060
9550
6115
9526
2352
2016
1982
8838
6661
2334
5109
6809
8263
9229
9010
2138
7696
4846
3203
6544
9235
4721
1685
314
6501
4581
7521
924
6057
1695
9569
5254
4998
3710
9336
8143
4093
2385
706
8213
7267
202
4546
8236
2724
6439
3296
6025
7281
6838
327
7523
9419
8314
413
6999
2458
4431
1601
3985
430
6825
4306
3562
203
3485
2103
1526
7658
2103
6302
4174
2270
2816
7704
8632
6524
9015
9362
3023
4160
9407
5821
2694
2390
3410
7346
2216
9570
8763
9373
3308
4360
6635
7635
5203
3978
4688
5323
292
1676
9088
586
1959
4969
2200
6
3310
6950
4507
5551
4902
2717
2377
5504
625
285
1870
5760
4465
8822
810
524
3758
216
1561
2603
5675
8960
2821
7669
1348
9993
1561
9139
5472
9764
3829
8745
7369
2254
5565
7
1891
2848
6643
1763
1562
9287
1753
5755
9397
6269
6598
1720
8829
77
1973
3441
8168
6205
4638
737
887
4707
8996
5358
9434
3264
4223
2906
8264
2782
1369
8678
7557
4403
5195
3219
453
2767
2662
6131
1888
7913
437
3325
3503
7005
2608
1993
3794
4961
9053
5433
9722
6489
7094
567
2651
3645
898
2745
2801
8627
582
6709
5833
522
1269
7933
3498
7054
3921
1592
5630
2013
5012
5898
7283
9876
2155
1909
1503
5437
247
8425
9485
4151
1203
588
999
1690
4225
4430
4177
5928
2009
8238
8528
4273
386
714
2173
9449
7485
4868
6911
2732
5716
972
9113
4079
6332
1618
9229
4591
20
6609
3261
4738
8153
685
1745
9264
8533
2888
2210
2572
9052
3151
7263
5116
6501
555
8544
2053
408
4488
4139
6914
4445
7034
8731
2787
2476
2219
6919
2334
5197
6042
2190
6510
5549
758
7054
9331
8868
8876
6245
6723
948
8860
4522
7777
2625
2462
311
6371
9419
3247
2568
1908
9836
7480
4168
9785
6557
4531
4169
5806
5273
2555
3028
8096
8135
6984
4128
3471
4823
510
2608
6398
5694
1177
2071
1892
4467
6088
6204
5898
8082
2168
1058
5017
8046
7517
3899
202
7804
2259
5851
1188
9614
5648
4741
15
2838
6777
7045
2437
1379
8136
5733
7065
5080
9138
416
4942
3130
9991
40
1292
5961
9467
1570
8407
4247
3129
4197
2184
991
9520
5384
324
9632
9983
6061
637
4701
6878
8766
7318
5287
8026
6800
7817
539
540
6446
9663
4702
1035
6416
3063
7209
8620
5011
3485
1637
9282
7770
891
4881
9740
4261
5930
3414
7736
5323
2276
8574
4422
6280
8312
3191
6067
204
252
4537
6631
3608
3064
3930
3802
2016
9701
7961
6408
8460
7873
1191
229
9512
8325
5606
9323
7284
4081
5901
2579
4156
858
2266
1291
502
3900
4508
256
6073
2274
1926
9606
7866
7026
6601
1481
719
797
2895
1119
7944
2721
7641
3272
4058
5911
8969
9254
4962
3899
9931
7158
5894
9882
2256
6106
6151
6802
3739
1255
9903
1569
1829
9402
2742
7074
7937
230
3561
4109
7706
512
327
2681
6506
3797
7884
7664
3596
1782
6628
5403
2352
3902
1883
7472
3548
8667
7311
8574
4976
5764
4199
537
6489
6761
2970
6923
50
4189
2636
9587
881
5459
7257
9575
6442
568
3892
2159
7796
9751
8736
8993
8144
3449
9188
8656
7117
1042
9900
9897
2153
3766
1966
7400
7757
2822
1174
4295
1915
5200
4140
6477
7996
1428
7059
2468
3217
546
4456
2393
1590
7518
9986
4813
4947
5392
884
871
9379
9694
4227
3344
7574
3603
2534
6459
8331
2208
1725
5214
3511
7724
3837
8563
7830
6364
72
7413
1661
7451
191
1182
36
6571
4036
6859
4517
589
7114
7565
5437
7015
8179
9946
2170
4281
7636
3714
8523
8687
9133
9239
3603
1715
1306
1193
1672
6083
1580
8415
1206
8666
5805
2653
9888
1011
9156
1839
2825
9446
5894
7544
7774
770
3458
6365
6344
4582
4608
5324
2170
1167
9892
2672
1682
791
3253
1711
5321
8659
8540
6666
4661
882
7716
6298
6787
5281
5696
2707
3635
947
6301
916
9727
5703
2649
2973
4634
6318
4006
358
2338
804
1207
4491
2477
9376
9760
9719
8636
4582
7948
1470
7398
1876
2038
9727
2074
3066
5485
6785
8241
1145
2547
2073
3337
4009
2724
3257
6550
3342
5985
2953
8580
216
4034
1881
5801
7227
6743
1054
3869
5895
1586
2721
4288
89
3126
5897
200
6333
2923
2541
5280
9464
4115
2793
6838
946
4753
5980
6250
7796
102
4593
2296
6415
8371
8930
3918
6249
2632
3606
5866
8723
9971
9040
8601
3981
3423
1165
7875
5887
6727
1276
4295
102
2641
7302
4481
5435
9011
9892
8709
6132
3752
5170
1225
2165
6232
6653
7782
8192
1929
3784
4936
5731
664
3129
2352
8471
9976
1993
817
3296
6476
1890
4283
5902
1217
931
9441
3633
8383
7322
9388
918
7011
5844
4096
9741
9548
9360
1839
4522
4375
5970
6899
8883
6530
9378
6618
5934
8287
5623
6271
508
2334
6526
9127
9128
5578
6278
8967
9432
7704
1164
664
8959
9133
7683
1786
2778
6009
4115
7347
5193
2824
296
2768
7774
4664
4529
4909
9072
9107
5519
6971
5114
4946
9132
4098
6795
8885
1804
8540
4534
732
2565
4794
3317
9731
3649
3391
9960
3624
4023
6772
1340
2969
8206
5002
3342
6044
229
6490
4322
1305
8578
1155
9450
2326
5518
9421
7337
8218
5112
3049
6439
9594
3823
5239
636
3042
5878
249
8425
657
6551
8634
3837
4984
6143
2512
2858
5213
6971
8203
2874
8824
1839
1690
8713
5145
3382
8075
7745
9481
8171
6307
3069
721
8738
4760
3546
9908
3252
7495
9059
8690
5030
7674
1719
8383
5077
3845
9378
908
2041
3807
352
5426
6318
8138
9603
6719
5540
4998
6852
4162
3389
3687
304
1660
768
7117
5417
4908
6627
1154
3777
6943
6734
6937
9007
898
9556
5803
6792
8949
7738
9759
4455
3349
3890
6482
2757
6366
7701
5626
3191
2612
1167
2600
1381
5587
5304
6814
1221
8684
8860
8402
3234
1056
731
4031
5794
7345
7107
312
1473
5365
4212
5764
2163
960
9132
4625
9749
5267
7459
7852
4367
7442
5433
1758
5311
4781
9292
7456
384
5511
7665
1725
6335
3014
5797
9609
1560
9908
5523
8607
7950
7497
2879
9062
3353
7782
8832
9649
4685
4146
3582
8462
8313
2774
1942
8066
5533
5795
4958
7577
9093
5555
3207
2555
9371
1401
3578
5099
8770
2724
9672
1171
7602
345
2279
9606
2486
2412
9914
100
3945
2948
6396
2097
9512
3121
2676
2262
4271
8115
9118
9030
821
2365
9156
5325
194
5435
8643
9568
343
943
8158
8069
7953
1728
408
959
9958
9498
9580
542
1840
5980
4311
5978
7426
925
3833
7676
4543
9194
333
2437
5561
1423
5881
2950
4719
4203
2138
1540
3900
6120
1504
2941
5350
3979
1207
6132
9423
4408
1221
3405
4187
762
5302
9690
6274
338
631
5320
4835
1955
5536
7441
68
7500
4593
9856
1166
7452
5919
4638
4280
8083
3131
5499
5824
3758
5101
6314
4881
128
161
9308
5937
2650
1717
8400
8209
4514
2861
2537
2140
1834
3533
5661
8693
2144
6124
7182
3283
1844
3421
3213
819
9137
8451
8370
367
6213
9520
9041
987
6313
8036
880
4371
5007
5171
7333
818
3639
3159
6040
7357
2986
6157
2350
2412
1295
3175
9319
1560
2968
8700
3175
6322
9366
4102
8748
4632
9329
4237
5960
1994
8279
7054
4265
2199
8050
4286
3906
6449
9648
704
4068
1233
5225
4010
4603
559
3559
3581
6815
8466
2784
4067
3224
6212
410
9430
754
3853
3230
7120
7134
1042
8414
2016
4487
4577
657
3035
7273
3889
8111
2583
2665
2270
2880
3526
928
1521
8485
8157
9102
8067
825
5155
2278
5510
118
8232
4820
6794
4549
2453
3252
8189
4741
8225
4636
7106
2177
7056
1367
3813
5327
8224
2738
4842
4426
7175
4974
9991
9100
1183
7523
2136
9507
6168
5497
9231
368
5075
2113
6926
9644
8418
5788
1093
3278
8077
3690
1990
3037
2982
7794
9689
7923
1742
4314
9579
7720
6878
5059
274
399
4714
21
722
1634
3161
1824
4570
832
4336
1667
9392
7676
3227
870
7631
4802
1405
4120
6663
2740
2627
1696
634
1139
9083
2037
4380
9621
173
4136
1643
3122
8902
9862
471
5209
217
44
2026
711
1120
526
6192
3155
1747
9960
687
3163
9709
5026
7263
9868
5418
68
5243
5677
4331
5351
3757
4400
3460
4865
7126
3101
1415
1759
904
6736
580
7814
6562
2243
5408
7577
2433
9219
4457
9713
2889
712
6995
9335
8154
3618
3400
8531
2978
8431
623
5904
3655
4621
608
7389
1245
139
6800
3786
9126
7322
9294
1793
5365
1998
7349
5905
2789
893
7341
4752
6064
4797
3793
7465
774
4438
3289
6123
1733
1779
6525
3360
4983
7290
8270
7075
9901
1881
7210
7821
9397
9455
8197
4017
3535
8011
2049
6696
7694
6642
8303
861
503
4215
6190
1119
9106
1291
897
1078
8773
9058
5061
4464
9048
9807
3810
4531
6481
6997
6061
1123
9893
6763
4197
849
2768
7513
9178
8724
3443
9723
6867
1414
6038
7167
7296
2567
4088
2445
3369
3618
5189
4673
4231
1499
70
5439
314
8999
207
4575
1584
7543
6558
3517
9437
4567
5117
7191
8272
7355
5706
3420
9562
5006
6792
5591
3148
6996
7945
1392
1580
5656
8903
2455
2999
8577
4035
3030
6593
382
8477
2352
3613
7233
9783
6527
1648
477
1910
9663
9253
3810
6549
8649
3301
1309
3789
1944
166
1770
1388
8138
7258
2100
9198
5256
4018
9535
8710
5487
436
615
6398
6771
8383
7259
533
1999
5813
1639
7884
1106
6880
6001
9612
9637
1002
3990
9759
8803
5556
1609
647
8806
3142
6857
5273
1
5416
4143
1528
3050
275
911
9493
8289
6878
8580
2649
5587
8498
4961
1316
6102
2359
189
7796
4213
8123
1737
9463
4456
605
272
532
4469
21
6364
9043
3686
5225
9811
9067
9531
7418
9386
336
9997
9698
165
298
6691
3777
6702
7049
5245
6073
9364
81
4904
9347
4084
1675
3143
261
7554
7070
5575
4272
7582
628
4882
8318
5118
606
6266
3179
2600
5536
2381
6907
8315
2139
7816
451
3048
8664
6459
3379
7872
6468
1236
8381
1255
8404
5142
5034
2299
2946
8459
7799
8514
8035
7538
3466
931
1357
8131
8767
4055
3556
3193
5605
6628
8738
8978
2027
4192
6007
1277
1437
7620
552
3935
1986
81
1087
7293
7335
8674
7496
9956
2148
2303
4479
7677
7424
9600
2951
4980
4785
9314
2356
9086
5139
6674
604
2857
3
1694
4014
2395
742
9079
9858
8294
1424
5838
875
9195
9660
5516
9157
3183
2061
5385
8868
1606
1975
5294
8903
811
2574
3786
7839
6296
8475
6631
3620
902
7784
2749
8516
1822
6239
3386
2237
1494
6099
7144
6562
4742
8952
2775
4409
2366
7379
3546
6326
6566
1250
5682
5109
8574
5924
787
4432
9962
7172
5297
3481
4974
3556
2700
1516
5769
4508
7790
3693
630
5944
5346
8667
395
2279
3793
4946
4838
8356
916
3870
1503
8632
7244
358
5550
9100
14
7304
7474
3577
6204
3330
4128
3184
7378
8936
8671
9447
3702
5636
2911
1815
9039
2109
7060
7485
2688
97
3009
8956
5973
8428
7927
2836
8383
7150
243
7496
5715
8172
7920
3324
4698
8814
5281
3413
2387
990
6209
5798
6747
176
3865
9467
7535
6054
9764
1661
2933
7609
9077
3793
6729
3764
369
8201
2453
8847
4764
7880
1296
6488
5665
6581
9208
3459
7905
3950
3936
1947
6791
3739
934
2615
5417
9813
8375
9803
5961
3651
1468
436
6350
210
364
2867
3792
9067
7322
7717
3679
8564
6448
4802
5894
9602
1410
9211
23
3990
3015
1857
7335
3908
9011
1510
7636
1943
2183
3405
5949
9177
4613
8995
4702
8699
2713
7041
7890
1349
9561
2023
834
5037
5085
3823
2837
9021
3354
1950
6429
2261
4621
1064
8699
369
7165
5538
6801
3137
3147
5385
9263
2002
9187
8236
6957
3955
605
8809
4013
4222
6887
1175
5989
9675
3678
2306
675
7031
5002
5396
2651
4041
214
9362
6846
1726
5677
1511
5665
8815
1822
3753
5514
4126
5458
5237
7356
6830
6935
3796
8208
797
5910
1236
4175
7386
6864
7962
3602
1660
5646
8234
7716
6228
3448
6710
4085
4221
8863
7484
7940
6759
4392
3271
4310
8679
2316
5176
5925
6673
24
6009
2052
5710
6140
391
7709
4397
6595
9742
8397
5694
8005
5469
5838
9116
8625
6337
4845
5545
3386
4709
5101
2577
633
2056
284
4842
1667
8623
6371
1822
7756
2345
4587
2298
7257
7656
1533
8521
4653
2411
1227
3319
4152
3843
1388
3649
3783
9118
2494
6169
910
1589
1077
1653
246
7815
4347
6228
4417
1587
3154
4883
9150
7276
7370
4946
7186
1058
4510
1864
5719
1852
4593
5123
6098
247
3683
9511
7502
4971
5909
3786
1295
4392
9283
5786
8566
6258
3984
3301
692
7237
1345
8118
613
3506
1222
9826
3963
5501
3705
5852
3259
3571
1469
6027
8271
6278
6262
5470
9790
5578
5410
5327
2847
595
2071
4804
4308
9077
7542
5890
3290
9292
5746
1012
3192
1226
8543
8025
9545
9312
6611
8850
9371
9062
7444
1406
8396
7562
967
8856
945
10000
5222
4494
8058
1159
7821
7365
5587
6099
9930
4230
720
7137
1559
1522
3984
3739
9520
9305
2226
5068
3690
9049
1265
184
4873
9748
7311
6874
2374
2375
5935
607
4674
4285
1136
850
6779
7143
7224
561
3487
3385
7494
3921
9600
5322
8899
971
6509
3294
1516
8643
6784
9121
8532
1821
6102
3608
9527
979
9104
1078
6496
6895
7824
5575
1537
7855
9259
8049
236
9951
1107
2201
1952
7827
5411
6844
3212
7217
5094
7691
5860
7032
2079
6366
8149
2115
4681
8820
297
5128
1347
1051
9229
4272
787
317
7340
6453
4859
9096
7608
2991
4739
1529
6095
6759
7235
6241
3300
6546
7576
3156
4983
7854
6485
2929
6380
6204
3735
4080
5234
7114
809
6519
5692
3045
6714
9800
2291
4979
3554
3664
8834
1491
9168
2012
5021
264
5404
3057
8468
6808
7107
4852
4376
7346
5411
4060
792
2651
4415
5190
3573
6831
8173
7328
2024
5949
624
1229
2471
6555
9785
8864
7203
1294
5021
715
6462
1811
7601
8680
8510
164
9745
4130
9594
1679
3050
9730
3923
1679
3607
9748
3323
8019
8581
4502
6654
5785
5239
568
8999
3089
3673
2847
2481
9881
4435
249
1131
2696
5664
9968
9972
4508
8271
8425
8456
5976
3627
7936
6122
2801
6913
523
915
9278
5465
2900
8101
3587
156
4158
8848
8609
9719
6369
6449
997
3011
1386
2427
9293
1401
8166
40
8172
1918
2156
8886
4983
4543
5070
3313
3012
9315
910
4083
9726
4665
5720
3535
8545
7715
1288
4342
8434
7023
6632
2260
5999
7716
5731
2926
177
3354
5546
1158
4396
8615
791
1679
9919
3612
9049
9234
1682
7061
2472
5399
3211
1825
4632
3783
8743
299
9473
597
1997
40
4629
9799
8039
4158
6759
9576
2280
359
2024
5140
8159
9719
5071
2822
1837
7531
8332
3137
5789
8346
2539
2505
8326
6021
1729
3717
5521
2022
3001
2348
4967
2262
4073
1246
6531
1755
9011
4430
3917
7213
2960
7554
512
7211
2604
2540
3502
54
7783
9004
5667
918
261
8641
3637
7253
9009
7436
9938
2043
6342
3464
7557
2378
4638
987
3771
8250
7694
3830
8428
9919
6823
4355
7800
5809
6739
1320
3761
2471
2994
3419
3116
8341
7347
6112
8141
8003
7110
2349
3797
3080
4085
1684
5640
684
100
408
3555
1146
1002
698
4251
2099
2455
4087
2387
8926
6521
1322
2625
7063
6395
2751
3873
9759
232
9625
4044
1458
6183
758
1792
1177
2741
3462
4535
8169
4633
6529
300
1706
290
7424
4184
232
6984
7018
59
2598
67
9941
7071
6387
5649
2297
5045
7649
9088
1961
4696
8919
4751
4772
145
1992
261
417
7819
3510
7043
6205
6890
4348
4543
6470
2561
5428
7662
1539
3529
271
3369
8896
2459
2801
6770
550
4517
7762
9862
677
1621
8923
2544
4714
9985
3543
7352
4135
5683
2153
9248
4042
2439
5820
9177
7369
1304
3679
4285
8457
7683
4794
2694
587
2404
6725
6855
1287
1495
9884
9069
7244
6655
7325
591
2790
8320
6288
8087
696
8160
4723
6894
3454
5
120
1265
6764
8339
8134
2334
884
8472
7426
6280
6801
879
8060
8286
5506
6811
2185
1863
5375
4668
8710
8700
8978
8493
4661
2633
5681
1296
761
2565
5201
4193
6638
8964
9862
2361
5579
2237
9488
1361
8770
5552
3061
4553
301
604
8699
1028
3916
2055
9263
5266
7898
782
2113
5437
2048
8669
3889
185
5102
1758
5831
6548
1015
3051
2187
4195
2928
1117
8428
3280
4117
8276
1990
9108
2811
6791
2736
6479
269
3406
9362
5849
4906
4029
2851
2467
8633
5043
3183
9983
2070
2650
7625
4475
442
7624
8233
7124
3116
2257
2136
8762
983
596
497
8045
9882
3491
3108
3150
3352
2878
4480
5786
9759
6890
6144
589
9710
8069
8287
6253
5805
4861
2066
8860
855
9999
8650
4068
230
1117
4023
8276
849
8990
5025
4530
1609
1518
2884
4059
7134
5594
7463
4659
3586
7642
9451
5356
5798
8169
4837
7431
1957
3560
4448
7539
7449
4008
7595
1784
2306
95
7821
9086
1004
7779
7112
3879
6814
6401
1970
9594
1428
539
9868
2969
7339
5719
6861
7754
949
6716
565
3280
6998
2079
9563
4620
366
7746
1913
1723
9618
3989
3325
410
1281
4083
3458
9605
7687
2699
9981
8984
913
6665
5818
1657
6195
1193
4226
3950
7006
7109
8516
5955
177
925
8694
3471
7655
9908
3385
7194
5246
6960
3459
1183
9219
4639
2577
3281
4323
116
275
6287
1967
5842
590
9914
1720
9962
5456
4457
128
2373
87
2504
6746
9685
3634
7033
1298
5090
701
2644
5406
9031
5461
6949
4486
1763
9919
4588
1345
3663
2242
9996
2067
6496
5387
4044
8474
231
5891
316
95
2790
4678
7049
272
9304
6581
5848
415
6192
1879
1938
1026
8970
468
9391
2463
1762
7830
9666
9154
4789
5865
7290
8371
7726
6992
9667
1556
8086
6681
6606
1446
9543
3160
9804
8977
8109
1212
9734
8891
4405
4045
6450
7733
34
9978
3913
8482
8710
6419
5505
9640
7878
9187
5860
6679
9881
835
5818
8550
1188
4273
5887
7473
3421
563
5522
5794
5499
9379
2505
5309
1339
421
4442
4334
4108
6378
2253
8498
7515
3816
4424
830
7442
2986
7836
7375
4378
429
9190
4090
1607
5517
6112
5014
6657
1614
5705
3862
6457
5592
3743
7642
8520
6274
8597
6240
649
9264
9887
4307
4151
86
5027
7620
2039
1515
1313
8984
231
3904
4927
6099
3160